	sequences per sample	iteration	SAMPLE_112474	SAMPLE_112475	SAMPLE_112476	SAMPLE_112477	SAMPLE_112478	SAMPLE_112480	SAMPLE_112481	SAMPLE_112482	SAMPLE_112483	SAMPLE_112484	SAMPLE_112485	SAMPLE_112486	SAMPLE_112487	SAMPLE_112488	SAMPLE_112489	SAMPLE_112490	SAMPLE_112491	SAMPLE_112492	SAMPLE_112493	SAMPLE_112495	SAMPLE_112496	SAMPLE_112497	SAMPLE_112498	SAMPLE_112499	SAMPLE_112500	SAMPLE_112501	SAMPLE_112502	SAMPLE_112503	SAMPLE_112504	SAMPLE_112505	SAMPLE_112506	SAMPLE_112507	SAMPLE_112508	SAMPLE_112509	SAMPLE_112510	SAMPLE_112511	SAMPLE_112512	SAMPLE_112513	SAMPLE_112514	SAMPLE_112515	SAMPLE_112516	SAMPLE_112518	SAMPLE_112519	SAMPLE_112520	SAMPLE_112521	SAMPLE_112522	SAMPLE_112524	SAMPLE_112525	SAMPLE_112526	SAMPLE_112527	SAMPLE_112528	SAMPLE_112529	SAMPLE_112530	SAMPLE_112531	SAMPLE_112532	SAMPLE_112533	SAMPLE_112534	SAMPLE_112535	SAMPLE_112536	SAMPLE_112537	SAMPLE_112538
alpha_rarefaction_10_0.txt	10	0	3.78018	3.783	4.3684	3.48867	4.43201	4.55418	3.95062	4.17264	3.07775	2.54564	4.35653	3.69852	3.26912	1.81155	1.936	4.03402	1.81155	2.02831	1.84688	2.54845	2.80886	3.26487	2.82751	2.89231	1.60324	2.28967	3.73732	3.68934	2.0406	3.65317	2.26723	2.87504	2.83445	3.17846	1.75894	2.38587	3.55363	2.89716	3.32944	2.33384	2.11655	2.44256	2.32399	3.95771	2.53022	3.97455	2.55387	2.73797	3.36837	2.35928	3.25804	3.09215	2.86893	1.98693	3.20963	3.1233	2.51583	2.72451	2.59379	2.74335	1.58213
alpha_rarefaction_10_1.txt	10	1	3.32241	8.60474	3.51268	4.45282	3.36052	4.508	2.49449	4.03427	4.68063	3.2022	4.45226	2.52449	4.46292	1.49573	2.60543	3.31885	1.70196	2.17542	3.10344	1.9591	2.89017	3.51308	1.84688	1.81155	1.70196	1.49573	2.95196	3.53761	2.0406	3.60435	2.76976	3.06759	2.83854	4.0143	2.17991	2.38587	2.71401	3.82409	2.92433	3.16467	2.11655	2.24497	2.83506	3.47605	2.44844	3.04034	2.17677	2.383	2.95196	2.17925	3.25551	3.28913	2.31208	2.2096	2.52235	3.35672	3.12422	1.96725	3.1051	1.82641	2.0908
alpha_rarefaction_10_2.txt	10	2	3.50898	3.22273	4.09061	3.38406	4.84068	5.90429	4.02017	1.63977	3.84445	3.02091	3.40857	2.29708	3.43996	2.70845	1.84271	5.40922	1.91027	2.28715	2.11009	1.83437	2.70845	3.26487	2.03472	2.99103	1.8116	2.93294	3.14581	3.00495	1.85802	2.82622	2.26377	2.54845	2.71948	3.49427	2.11655	2.44285	4.1268	2.39807	2.97223	1.45659	2.05754	0.81345	3.64483	2.83396	2.86404	2.33756	2.85029	2.17677	3.10053	1.84688	4.42063	4.43579	2.61703	2.2096	3.0034	2.6939	2.99103	2.8334	2.0406	2.11009	1.7572
alpha_rarefaction_10_3.txt	10	3	4.63849	3.74967	3.90852	3.44853	2.47565	4.42731	2.466	3.21845	3.21951	1.87261	2.69585	3.64354	5.16007	1.97302	3.31266	4.15439	3.09828	1.96725	2.71948	1.72769	1.84688	3.40557	1.91027	2.16569	2.09747	1.70224	3.74836	3.39054	3.02454	2.6242	2.57729	2.88709	2.59503	2.97223	2.00467	1.97133	3.48307	3.89373	3.384	1.72705	1.78587	1.07666	3.42418	3.89478	1.70658	3.0554	2.39198	2.30122	2.38886	1.96711	3.07788	3.5411	3.60709	2.97828	3.0034	2.99885	3.18101	2.52449	2.49047	1.82669	2.56127
alpha_rarefaction_10_4.txt	10	4	3.70245	3.63889	4.00979	3.83165	4.35083	4.98118	2.61727	2.73126	3.82297	3.99259	2.83066	2.02831	3.04664	1.936	2.96299	4.12382	2.2775	1.84688	3.16527	1.93309	2.36276	2.70773	1.84688	2.82175	1.68715	2.424	2.60947	3.63231	1.83437	3.26269	3.45943	1.86617	3.11409	2.59509	2.26377	2.36893	3.46685	2.57037	3.00448	2.34695	2.49601	2.33636	2.30159	3.02863	1.76356	3.11128	2.86601	2.47948	3.30163	3.35281	3.57605	4.39764	3.30431	3.47278	2.36026	2.81835	3.4549	2.38756	1.49573	1.82641	1.2304
alpha_rarefaction_10_5.txt	10	5	2.41325	4.52595	4.97598	3.82406	1.63612	3.78462	4.67774	2.02831	4.01782	3.21233	3.35873	3.85428	3.8869	1.49573	2.03472	2.50884	2.51201	3.54066	1.90386	1.49573	1.87261	2.13932	2.68858	2.82175	1.62018	2.68915	3.81299	2.97478	2.66131	3.21681	2.3037	2.60803	2.5647	2.76078	1.70196	1.97161	3.80807	3.35931	4.60431	1.72705	2.17991	1.70196	2.79981	2.52278	3.06921	2.47853	3.04292	3.13706	3.30648	2.61635	3.04198	3.02798	2.99936	3.21173	2.36026	2.81835	3.86944	1.91055	1.49573	3.48218	1.2304
alpha_rarefaction_10_6.txt	10	6	2.72269	3.76671	5.5166	4.71888	2.4996	3.34943	2.92219	3.67425	3.74261	1.90372	2.44271	3.69872	3.25287	1.93619	2.90758	3.90303	1.88325	2.17348	2.75073	2.32528	2.1627	2.19616	2.5857	2.24891	2.48628	3.11128	2.11203	3.33043	2.05754	3.26269	2.29014	2.86136	2.69375	3.03245	3.17846	1.91027	3.91427	3.83884	3.12893	2.10396	2.17991	2.55344	2.30159	2.47976	2.50528	3.16581	2.39947	2.85029	2.5944	2.87561	2.64358	3.34015	2.86893	3.96507	3.20963	2.6939	3.35841	1.936	2.6107	3.18101	1.2304
alpha_rarefaction_10_7.txt	10	7	3.49234	6.53783	3.62465	4.78311	2.31868	4.11788	2.49638	3.52233	4.13871	2.44319	2.91647	3.63313	3.49005	1.49573	2.65244	3.3345	2.71852	3.09726	2.40212	1.96725	2.98889	3.70664	1.49573	2.24239	1.62018	2.11009	3.13381	3.24623	2.95784	4.39519	2.59509	3.00941	2.83095	4.0143	2.0406	3.10829	3.64829	3.68228	2.59759	1.93309	2.11655	3.29424	1.95022	3.51029	2.43515	2.65631	2.17677	3.74536	2.41297	1.87261	3.12598	2.89896	3.57538	2.8874	2.31612	2.99885	3.07298	1.91027	1.55271	2.17756	1.2304
alpha_rarefaction_10_8.txt	10	8	2.60184	4.54282	6.11709	4.6627	1.7701	4.79411	4.20381	2.52463	2.04783	2.11009	2.80814	2.48895	4.22287	1.91027	1.49573	3.40723	2.19619	2.1627	2.35128	1.97507	2.68272	3.32702	2.38587	3.42098	1.39701	2.54845	3.55706	2.29703	2.39175	3.42798	2.88523	3.15684	3.10829	2.76078	1.9921	2.59445	2.679	3.10339	2.82622	1.7984	3.24524	2.50192	1.82577	3.76362	3.096	3.11128	2.86404	2.17677	4.07022	2.47017	2.53742	2.67702	3.28106	2.27707	3.10212	3.60463	3.7457	1.87261	2.14223	2.89896	1.2304
alpha_rarefaction_10_9.txt	10	9	2.51328	4.43441	3.62493	3.49243	3.38873	4.69795	2.12433	3.67901	3.40857	2.55585	2.40256	2.73956	3.07775	2.01778	3.47144	3.18135	1.49573	2.26142	2.60893	1.71108	2.01331	2.46131	2.29779	2.91133	1.39701	2.424	3.51455	2.70177	1.83437	3.15983	2.70468	3.06787	2.8182	2.80276	2.20355	2.73985	3.46087	3.64048	3.05656	1.93241	1.91032	1.94433	2.76532	3.2848	2.50542	3.58605	3.75301	2.18662	2.81447	3.02694	3.36419	2.78134	3.70696	3.00708	3.16553	3.28387	3.24453	2.33434	1.98291	1.88339	2.00853
alpha_rarefaction_109_0.txt	109	0	10.5321	9.53546	16.70901	5.82803	7.59903	15.50008	7.62336	7.44179	12.06477	5.73248	6.90764	5.44146	8.15037	3.84166	4.33731	6.27977	5.22067	5.90321	6.27472	3.3102	3.87481	6.23946	5.15735	7.13557	4.38163	4.34143	6.10103	5.44933	3.45631	5.4331	5.84655	3.98359	4.70463	5.03332	5.60591	4.45066	5.27393	4.95547	5.83976	4.35229	3.70535	5.15979	5.36139	5.52813	4.32644	6.07184	5.36477	4.70747	5.07581	5.18079	6.03754	5.89914	3.98751	5.44543	3.30835	4.07911	7.00009	3.98211	2.87627	4.8981	3.87778
alpha_rarefaction_109_1.txt	109	1	12.0041	10.15039	19.62884	6.89589	7.35242	13.44817	7.88747	7.03308	8.40882	6.52234	7.88104	5.63428	6.95061	3.41967	4.36985	6.3577	4.2076	6.20834	5.685	4.15817	3.79967	5.65448	4.499	6.3258	3.46271	3.86822	5.73489	6.23049	4.40945	5.76383	6.07073	4.23278	4.99635	5.66035	5.282	4.48016	6.04613	5.54047	5.31838	5.71287	5.64889	4.23477	4.23242	5.56097	5.1055	4.00864	5.82308	5.31892	5.15729	6.63511	5.62035	6.7726	3.70581	5.73807	3.57881	7.01377	7.16437	3.99096	4.39495	5.73765	2.96765
alpha_rarefaction_109_2.txt	109	2	12.53453	9.65216	18.3347	5.91012	7.59191	14.21951	6.3849	6.00185	8.92331	6.42432	5.36551	6.66484	7.08328	3.15819	6.59144	5.51426	4.06416	6.54888	4.58648	5.76894	3.91059	6.07315	3.94444	5.64231	4.26703	4.41899	5.73785	5.60899	3.56813	6.17025	5.82621	4.46301	4.34813	5.46092	4.48771	4.66327	4.49866	5.56806	6.39763	4.89716	5.48632	4.16368	5.76981	6.0018	4.34836	5.40126	5.24702	4.22763	5.04679	7.46724	5.43399	6.12431	3.95358	4.98304	3.30835	5.74289	6.22624	4.90294	5.83359	6.3806	3.33002
alpha_rarefaction_109_3.txt	109	3	13.98593	8.12284	17.68441	6.64281	8.71116	17.60085	5.95059	7.76821	10.67872	7.62641	7.32902	5.95512	5.71252	2.7328	4.01095	6.32318	2.98169	5.94707	6.85663	4.58892	3.19512	6.25604	4.93167	4.96802	3.92239	3.6558	6.42881	5.97665	3.45076	6.28912	4.73763	4.47364	4.25935	5.00036	4.41104	6.00164	5.21118	5.65178	5.24658	4.41148	5.82534	5.45657	4.94171	5.63459	4.76831	5.78622	5.65795	4.66214	5.2334	6.45899	5.6476	5.81163	3.30431	5.55628	3.30835	5.76266	5.68873	5.35885	5.22324	6.00565	2.8826
alpha_rarefaction_109_4.txt	109	4	8.35559	10.62811	18.91039	7.70514	8.04246	16.81944	5.44357	6.99089	11.09356	6.64302	4.56012	5.94352	6.25892	3.20534	4.70664	7.31412	4.53767	5.48391	5.1617	5.12254	4.53282	5.62178	3.62562	4.19292	4.19274	4.53481	7.58581	6.46834	4.63382	5.92823	4.40716	4.27772	3.71018	5.25525	4.52929	6.06976	5.38175	7.28393	4.43045	3.10681	5.18009	3.96567	3.87521	5.95109	3.66652	6.07185	5.84096	5.36722	5.30613	6.89175	5.96825	6.15125	3.70581	6.62257	3.90587	4.42317	7.20285	4.98946	5.36315	5.92278	3.6213
alpha_rarefaction_109_5.txt	109	5	12.11371	7.42589	14.67427	7.05223	7.82987	13.1733	8.14544	8.27747	9.63394	6.65902	7.14304	5.19288	7.98987	4.74017	5.77718	7.4533	4.58198	6.05457	5.36339	3.7985	3.87481	5.21234	4.03396	5.00033	4.23708	5.11968	5.73302	4.69161	4.78827	5.8818	5.25092	3.78836	5.10115	5.4742	4.95783	4.45961	4.96407	5.55526	5.54905	4.73768	3.80237	4.23477	4.1199	5.31909	4.04778	4.44473	5.41741	4.45399	6.51917	5.45049	5.76332	6.24287	3.81812	4.08071	3.57794	4.10166	6.02901	5.33653	4.46133	5.78193	3.63563
alpha_rarefaction_109_6.txt	109	6	9.12101	11.1631	16.88455	6.14369	8.62751	15.21352	5.83191	7.59103	6.73573	5.05959	6.39436	5.84621	6.96356	4.93211	5.29404	7.19452	4.82257	4.59467	5.97789	4.37299	3.85322	6.51877	3.94205	5.81718	5.6067	4.10899	6.35538	5.97602	4.02292	5.8715	6.00252	4.33644	3.93734	5.81908	3.5943	4.51512	5.64024	5.41019	6.13141	5.31258	6.16891	5.23823	5.01869	5.58257	4.3454	5.44321	5.15729	4.82017	5.29168	5.9365	5.67394	5.93561	3.86638	4.64441	3.30835	5.304	5.1379	5.43713	5.49767	4.7868	2.98285
alpha_rarefaction_109_7.txt	109	7	12.00437	9.96347	18.74854	6.48073	8.44671	12.12804	6.80163	5.68207	10.56369	4.27026	5.35981	4.86659	7.4312	4.08437	5.61297	6.04172	3.93179	5.40276	5.62019	4.59268	4.30006	7.07947	4.55542	5.73747	5.15205	4.8507	6.20623	6.42367	5.69578	6.9242	5.61516	4.17825	4.08222	5.41089	5.27728	3.6471	5.13034	5.03224	5.48308	3.87521	4.89086	4.86649	4.54824	5.56097	4.20316	6.08872	5.36739	5.02279	6.74517	6.56128	5.62971	5.80327	3.30431	6.1191	3.30835	4.91567	6.49371	4.75499	5.20447	4.35476	4.03231
alpha_rarefaction_109_8.txt	109	8	7.54453	8.74591	19.82436	7.19139	7.56439	15.88891	7.25836	5.92714	7.1588	5.92842	7.34572	4.19994	6.72399	3.15844	4.29887	5.938	5.23888	5.04913	4.91182	3.70024	3.82513	5.20361	5.47588	5.11334	3.30478	4.68431	6.50679	6.40957	4.25865	5.46535	4.81266	4.39813	5.04744	6.95793	6.05504	5.00197	5.02419	5.78067	4.41131	5.36956	5.90122	4.10372	4.22821	5.42268	3.61041	5.29867	5.27914	4.97255	5.04049	6.90544	6.46844	5.52569	3.70581	5.68584	3.57794	4.32292	7.49077	5.36348	3.3968	6.09564	3.4117
alpha_rarefaction_109_9.txt	109	9	7.22007	9.44137	18.71975	7.303	8.93677	18.97357	6.23714	6.71262	7.36261	5.71498	6.28988	5.00165	7.62747	3.48492	4.45073	6.79741	3.05007	5.87192	5.96354	4.33728	3.52583	5.20015	5.96316	6.27839	4.17933	4.28749	7.86762	6.82922	4.98729	5.23183	6.14753	3.92661	3.6026	5.805	3.65818	4.70379	5.26557	5.32616	6.37983	5.76539	6.88004	5.08815	5.53979	6.44598	5.72608	4.92827	5.17268	6.17699	5.019	6.85898	7.06148	7.0295	3.44368	5.41659	3.30835	6.18135	5.10508	4.73442	3.14244	5.78057	3.86473
alpha_rarefaction_208_0.txt	208	0	15.60507	9.98532	25.09254	7.18323	8.21289	22.35971	9.08769	5.91116	10.00484	6.14344	8.59714	6.01947	9.13911	4.49928	7.05889	7.37865	5.55433	6.46147	6.07307	5.49092	3.82865	7.81045	7.02326	7.00237	4.62507	4.97263	7.07289	7.70425	4.07542	6.44976	5.94447	3.78836	4.854	6.76557	5.39742	4.84579	5.12612	7.16769	6.86708	5.93459	6.25776	5.26803	4.86082	5.7065	4.91879	5.69053	5.41702	6.41022	7.68638	7.85917	7.03405	7.28527	4.21025	5.2165	3.65925	4.95232	8.43524	6.03293	5.0379	7.17039	4.11986
alpha_rarefaction_208_1.txt	208	1	14.40276	10.61105	22.98793	9.09309	12.17762	26.38216	9.65456	8.99998	9.38306	7.43774	8.05195	8.54152	9.4003	4.27916	6.50893	8.6755	6.12355	6.15835	5.95765	5.57921	3.99218	8.4253	5.3523	6.62392	5.15363	5.41289	7.70037	6.44771	4.80516	6.39586	6.69245	6.10623	4.78772	6.49408	6.03321	5.17181	5.11165	5.70665	6.17151	4.10295	6.66236	4.12596	5.40766	6.6115	4.3222	6.23292	6.45183	6.50664	7.12102	7.80595	7.76784	7.8142	3.70581	6.01543	3.57794	6.40126	6.02665	7.42574	4.92669	5.24738	3.67685
alpha_rarefaction_208_2.txt	208	2	10.52547	12.68106	23.402	7.55731	11.46949	17.94756	8.63882	7.38816	12.42448	7.44201	6.22861	6.21891	8.98772	4.83671	6.70119	7.58435	5.35121	7.24266	7.20049	4.90644	4.05774	9.16145	5.86487	6.29918	3.87835	6.25997	7.1991	6.08215	5.20032	6.14973	5.7284	4.16164	4.59044	5.78703	4.86648	5.75511	5.86761	5.93575	6.66462	5.5999	5.63485	5.09082	5.70034	5.47966	4.93289	5.63444	6.03332	7.03127	6.27037	7.80708	6.5984	8.28038	4.12204	6.05255	3.68613	7.66383	6.36261	8.45768	6.8272	7.34594	3.26386
alpha_rarefaction_208_3.txt	208	3	10.63925	10.02218	22.99051	8.16261	9.15307	23.09474	7.49418	9.79448	8.82315	7.0726	8.73801	5.69724	9.74429	5.06725	6.49699	6.92883	4.90479	5.37269	6.25446	5.75602	3.87481	7.15538	6.9468	6.63041	4.71599	5.3473	6.82507	6.20491	6.03406	6.19264	6.57826	4.97293	3.96736	6.0217	4.70228	5.39638	5.76577	7.1843	7.80413	5.4246	7.14927	6.17784	5.39976	5.95262	4.40123	5.7549	5.57254	6.68808	6.65616	7.15477	5.67563	6.23688	3.98751	5.77759	4.17846	4.55592	6.47563	7.54332	5.32812	5.11047	3.33601
alpha_rarefaction_208_4.txt	208	4	13.5687	16.74003	21.30887	8.53099	13.13533	22.3588	7.90493	6.90041	8.85197	8.07236	6.99819	4.75832	8.68474	4.57172	5.9292	8.14735	5.59661	8.10154	7.32597	6.08273	5.43643	7.45753	5.61007	7.22936	3.94617	4.85468	8.04922	7.50965	5.8361	8.48682	5.91804	5.09891	5.54401	6.42394	4.70228	5.84585	5.82519	5.86198	5.66304	6.01845	5.90198	4.67361	6.00758	6.15274	5.91873	5.82973	6.17401	5.64366	7.12108	5.0214	7.50034	7.21833	4.16994	6.706	3.88777	6.30006	6.97458	5.74442	6.22818	5.53705	3.26727
alpha_rarefaction_208_5.txt	208	5	13.81775	16.35569	22.73245	8.4978	8.40135	24.55546	8.23122	8.37911	9.94457	8.72701	11.63	6.66142	7.43265	3.13264	6.01957	8.96928	4.14571	7.34075	8.16553	4.78922	4.56637	7.16094	6.53423	6.48883	4.4434	5.5718	7.00371	6.09916	4.57916	6.33699	5.39466	4.36223	4.98403	6.34532	5.88715	6.72622	5.90289	5.83793	4.62889	5.03138	6.82925	4.88992	4.67218	5.74953	5.04562	6.76958	5.87926	5.07459	6.36308	7.1313	6.38313	7.24605	4.58893	5.25263	3.34786	4.54328	9.30256	5.96779	4.91612	6.54987	4.40731
alpha_rarefaction_208_6.txt	208	6	12.63393	9.93899	22.67066	8.62185	7.75177	23.84147	8.48297	6.91051	8.05772	5.5428	6.1188	4.68978	8.35265	5.56002	6.7526	7.22583	4.79257	6.92652	5.72601	5.41741	4.62917	6.21981	7.16882	6.6388	4.64066	5.75171	6.9118	7.14427	4.56638	6.37447	6.21197	5.22294	4.48242	5.76425	4.59527	4.92249	6.01978	6.06869	6.82538	5.77143	7.39036	5.28891	5.83488	5.90884	6.40525	5.80619	5.95601	6.52209	6.23984	6.71125	6.42562	6.66757	4.29523	5.62516	3.30835	5.75458	6.60666	6.13487	5.59921	5.88654	3.74909
alpha_rarefaction_208_7.txt	208	7	13.68381	9.64621	17.60975	6.51766	12.33829	22.53948	9.5578	8.32571	10.97545	6.98815	7.64466	5.9797	10.09286	4.81629	5.71754	6.9647	4.11078	4.80214	5.76771	4.67025	3.82893	5.55049	6.75505	7.53559	5.74572	5.243	7.81089	7.46678	5.80552	6.72779	6.7657	4.31159	4.06583	5.94466	6.1898	5.48002	6.77634	5.86198	6.46169	5.99311	5.62386	4.53284	5.18285	5.85464	4.88333	6.58081	6.69883	5.87484	5.49206	7.29393	8.65913	6.70719	4.20703	5.37797	3.64208	4.9671	8.06058	5.7207	5.14021	6.88974	3.41507
alpha_rarefaction_208_8.txt	208	8	15.7385	10.19373	22.21754	7.13435	11.76021	24.64375	9.98446	8.50769	9.23103	6.85191	8.1732	6.65269	9.82903	3.73687	6.86811	7.87364	4.51309	8.05096	4.92759	4.42863	4.16495	7.24368	5.14323	6.56897	3.39107	5.47922	5.85856	6.61587	4.39268	5.49883	6.43237	4.64977	5.69359	6.42352	4.69484	4.89561	5.92331	6.37245	6.43261	6.63727	6.64402	4.73062	5.51671	5.95109	5.13641	6.27212	6.78232	6.27836	6.70601	6.30188	6.72374	6.39551	4.09982	6.47023	3.95572	7.2905	8.18125	6.54454	6.26868	6.03851	4.12252
alpha_rarefaction_208_9.txt	208	9	13.28166	12.08873	20.30357	8.25237	12.81676	24.74098	8.84502	9.13993	8.21863	7.98259	9.99655	5.68239	13.62678	3.72676	5.33787	7.13652	4.77629	7.12327	6.47514	5.23781	5.00559	7.62805	6.941	5.52563	4.9576	4.64812	7.2797	6.55016	4.80943	6.97308	5.87013	3.98387	4.68643	5.30213	5.8645	5.91777	6.56438	5.79872	6.10965	5.56502	6.36948	4.88992	4.89628	5.69423	4.5181	5.44215	5.79907	4.88415	6.36803	6.63468	5.59621	7.25519	4.15129	5.97302	3.60955	7.29866	6.68839	5.15535	5.95055	7.72714	4.15047
alpha_rarefaction_307_0.txt	307	0	15.80043	10.67063	22.68093	9.74455	14.31763	26.8822	9.36569	10.88655	11.5638	7.9927	8.54669	7.2087	10.91774	4.26172	8.07291	8.64653	6.01634	7.3065	6.78578	5.33314	5.2931	7.76922	5.72844	8.7114	5.25161	6.4468	7.69472	7.00365	4.18877	6.75237	5.5049	4.29004	5.68443	6.74341	5.94466	5.77372	5.71734	6.2339	5.55444	6.80861	4.70959	5.08861	6.79787	5.98827	6.47519	6.82418	6.65705	6.54767	6.02386	7.81623	8.22417	7.30201	4.47662	6.47319	5.37346	6.43759	8.15339	7.8531	6.09927	7.03757	4.94957
alpha_rarefaction_307_1.txt	307	1	15.18994	14.20403	24.52665	9.73366	9.48293	31.78221	8.41582	9.29867	11.62323	8.64783	8.55015	6.75808	10.26993	5.40608	6.87996	8.98124	4.52382	8.52397	6.01218	4.82767	4.08294	6.93834	6.61023	7.59012	5.44595	5.5865	8.07629	8.26032	5.62613	6.57258	5.56504	6.22638	5.53123	5.71083	5.10578	6.98701	5.68504	6.17307	8.28597	5.44765	7.50475	5.81386	4.78595	6.37251	6.02154	7.4054	6.56953	5.46835	5.8172	7.6868	5.988	6.35463	3.98751	6.55824	3.51411	6.51696	7.77791	7.92147	4.22539	6.96663	4.65507
alpha_rarefaction_307_2.txt	307	2	17.76609	10.8451	25.67957	10.33042	12.7329	31.54132	13.12688	10.62713	14.05998	7.92602	8.30745	8.30151	18.17915	4.50907	6.82911	6.89348	4.84299	6.95074	7.28795	7.04632	4.59718	7.27867	5.14496	8.86462	4.63961	6.05845	6.23931	7.62877	4.6637	7.05191	6.19507	5.85631	5.08967	6.64882	6.58881	6.70545	6.91984	7.07376	7.14976	5.60696	8.46382	5.3356	4.74856	6.46027	5.28139	5.65379	6.37762	6.19956	7.41512	8.66219	7.58478	6.92454	4.28582	5.93032	5.24951	7.22324	7.48202	7.77324	5.57316	7.29879	5.2776
alpha_rarefaction_307_3.txt	307	3	15.67348	12.61511	26.3297	15.04797	10.56138	29.16948	10.19817	7.34958	10.10847	8.3934	8.99566	7.19234	9.50729	5.39772	6.52199	7.90884	6.73543	6.70641	4.95463	6.98375	3.94617	7.19783	6.3703	5.90215	5.54974	6.04079	6.82006	8.36187	4.61944	7.98727	5.30781	4.70336	3.96736	6.52152	5.47113	5.52492	6.32066	5.78067	6.32042	6.77931	8.19453	6.74289	4.83395	5.83056	4.95977	7.55237	6.09449	6.17998	6.99927	7.66979	7.22686	6.75961	4.64197	5.43962	3.57794	8.03636	7.87689	7.60685	7.07298	9.62264	3.86518
alpha_rarefaction_307_4.txt	307	4	16.03007	11.067	23.03709	8.5743	10.23922	25.70633	10.91622	10.06042	11.06845	7.65565	8.88748	6.59663	12.37193	4.63989	7.72115	8.06982	5.62317	8.24972	6.10578	5.90822	3.79109	7.30176	7.3597	6.43782	5.07276	5.02486	7.5987	6.59408	4.84978	7.18385	6.03052	5.6053	4.22965	7.65412	6.24864	5.39638	6.24119	5.93948	6.65074	5.76971	7.03764	7.04584	5.1287	6.20551	5.56863	6.07174	5.99057	6.54637	7.49105	8.60752	6.31621	6.98202	4.17221	6.04113	4.46962	6.72261	6.08833	7.82743	7.22043	7.65918	3.99638
alpha_rarefaction_307_5.txt	307	5	11.12116	12.10261	26.14266	9.34084	13.12329	28.82885	9.12764	10.00959	11.85031	6.51773	7.48494	7.40877	11.08768	4.61478	7.47635	7.31654	7.81732	7.19012	7.12969	7.25437	4.07189	9.0313	7.28556	5.74724	5.80624	5.85366	5.71926	6.71408	6.59607	7.60355	6.18425	4.79022	5.18398	6.82405	6.37726	5.81604	5.58574	7.07409	6.65287	5.9464	6.32649	5.2718	5.06447	7.2852	5.47399	6.47088	7.22561	5.99627	6.22628	7.55452	6.76987	7.58411	4.39984	6.02682	3.86582	5.81455	6.79531	6.53972	7.46627	7.1229	3.19178
alpha_rarefaction_307_6.txt	307	6	13.09422	11.41611	23.79262	8.81466	11.55307	19.60187	10.83676	11.50306	11.53735	8.43763	9.88779	6.62093	8.83049	4.22193	7.19499	7.6234	4.4601	7.9746	6.8194	6.92759	4.7073	6.74513	5.29155	8.6481	4.70883	4.95552	6.72783	8.39412	4.77016	7.02702	7.01031	4.71166	5.83217	7.02587	4.56158	5.34381	5.68474	5.78796	6.42681	6.72579	5.83062	6.11557	5.07533	5.47966	4.84041	6.45836	6.56244	5.93232	7.63876	7.88363	6.14966	8.50713	4.47185	5.53359	4.84094	5.64608	7.6532	8.6015	6.73989	7.11773	5.12272
alpha_rarefaction_307_7.txt	307	7	15.57642	10.97301	24.50834	8.92454	10.14626	34.02154	8.82197	8.83422	12.93893	7.9583	6.76428	7.26789	8.6644	6.01414	7.5023	8.0725	5.37813	7.12178	5.96822	4.905	4.37659	8.11039	4.99024	8.98237	4.90989	5.58772	7.88389	7.03041	6.60713	6.36872	6.7144	4.66859	4.98705	10.03021	4.86102	5.74911	6.04672	7.83808	6.40648	6.05306	7.61778	6.18385	5.86752	6.6322	6.00396	5.81786	6.0018	5.83705	6.72282	7.32387	6.15722	7.3975	4.40357	6.85045	3.59208	4.69956	7.6569	7.61814	5.15206	7.18821	5.21602
alpha_rarefaction_307_8.txt	307	8	15.25352	10.74708	28.58662	10.26836	10.72558	26.47614	9.2255	8.99665	10.60267	7.19429	10.15125	6.83852	9.36104	5.13754	6.02162	9.20562	5.25388	7.26951	6.5831	5.04089	4.38178	7.78863	6.19548	6.91046	5.07223	5.6025	7.8342	6.18542	5.61917	6.38698	6.76163	6.58311	5.19966	6.11597	5.89372	5.84883	5.83836	5.78582	7.9143	5.56677	7.77524	5.508	4.98173	6.26619	7.38781	5.72512	5.78348	5.50345	7.55986	9.20984	6.27539	7.02373	3.98751	6.85161	4.56568	6.51456	6.85782	6.67347	7.18302	6.80315	4.27178
alpha_rarefaction_307_9.txt	307	9	16.45525	10.78662	25.47245	7.933	12.84652	31.2967	9.66206	11.82669	10.66125	7.23342	8.90223	8.58068	9.22434	6.14157	7.4537	7.21935	4.58002	5.99651	5.84043	4.97378	3.79109	7.87963	8.01291	6.59709	4.54814	6.45939	6.80823	6.89832	5.10152	6.74124	5.82132	4.65005	4.92305	6.32899	5.72511	6.14914	6.08655	6.37735	6.32807	6.22383	5.30375	5.65055	5.97074	6.30223	4.8089	6.17526	6.82542	7.41659	5.59431	7.04917	8.89648	6.70264	4.12518	6.69871	5.69943	7.32767	7.87045	7.04941	7.41346	6.90088	4.12628
alpha_rarefaction_406_0.txt	406	0	15.31102	12.91369	28.76902	7.84868	15.21024	29.16759	13.09886	11.18725	14.17302	10.34785	9.6963	7.49875	9.15857	7.08553	6.83923	8.97924	5.3672	9.2794	7.02509	5.39434	3.87509	6.84639	7.74969	7.81401	5.80661	8.763	6.99881	7.25734	4.96688	8.09605	7.39567	4.44066	4.43579	7.51828	6.46715	5.85148	7.265	6.27476	7.93058	4.8767	6.68538	5.90782	6.83728	6.44946	5.73229	7.16827	6.18184	6.59533	8.75928	7.41484	9.7743	8.28129	4.23435	6.60901	3.47048	7.15204	9.87069	7.33032	5.86724	8.45158	4.49198
alpha_rarefaction_406_1.txt	406	1	15.9653	9.69057	28.89395	10.2249	10.39926	34.19095	12.19788	10.15044	11.74665	9.4169	7.76738	7.97009	10.32116	6.34121	6.36921	10.44556	7.43299	7.48642	9.61966	6.30453	4.84121	7.67469	5.59117	6.88857	4.8437	6.74781	6.62743	8.89664	7.01417	7.57839	6.21624	5.42888	5.74469	8.22084	5.80642	5.69152	6.46139	6.13361	7.87315	6.56396	6.82725	5.80703	6.58299	7.49801	6.99397	6.36548	6.4806	6.72819	6.21435	7.41774	7.84494	6.24909	4.09982	8.46586	4.11968	8.02008	9.15592	8.43658	6.00064	7.12764	4.53267
alpha_rarefaction_406_2.txt	406	2	18.72489	13.11164	27.4924	10.77033	13.12845	28.68687	10.51077	10.88377	10.39777	9.52217	9.00696	13.8808	15.61439	6.23995	7.13956	8.69477	7.0749	7.40679	7.63224	5.81981	5.25549	10.4892	7.92442	7.53658	4.99571	5.32543	7.94049	7.6336	4.53466	7.50849	7.08053	5.11182	5.04772	5.97088	6.3478	5.56793	5.73172	6.80871	6.26861	6.03509	7.93708	5.80531	6.59997	8.06285	6.36743	6.41842	6.71023	6.7327	7.41829	8.81463	8.63668	8.3975	4.21025	7.24338	3.79705	8.30118	7.59686	8.39051	7.10438	6.84329	3.94556
alpha_rarefaction_406_3.txt	406	3	11.69862	16.94671	28.01093	10.19029	9.99291	29.73456	9.77026	10.80717	16.45143	9.3002	8.96625	9.05755	11.04337	8.86687	7.92929	8.37906	6.41168	7.6397	7.1444	7.66413	4.74721	6.5023	5.41049	7.30479	6.91777	5.81056	7.61719	8.63352	5.95967	6.44618	6.93031	5.04102	6.71454	7.12404	6.70116	4.91163	5.52368	5.98469	7.66261	6.05321	7.61916	5.4298	5.15299	7.10769	5.75123	7.65309	6.09048	6.5286	7.55437	8.28785	7.17513	7.92459	4.06589	6.52543	4.19701	7.26885	9.17388	6.26065	7.57436	8.60037	4.32096
alpha_rarefaction_406_4.txt	406	4	15.64922	16.56162	27.7076	9.82795	13.22244	30.02772	12.99409	9.48353	13.25739	8.6035	9.10319	7.19177	8.93139	6.13548	8.81196	8.82192	6.47489	7.02277	6.79224	5.58731	4.65986	7.72171	7.3582	9.03288	4.88125	6.79182	8.0569	8.41955	7.03387	7.42021	6.89934	4.82211	5.72032	6.8674	5.82542	6.13308	6.07467	5.97078	7.27767	5.55931	7.46422	6.18139	4.93151	7.16435	5.69884	5.73539	6.53429	7.50704	9.28655	7.66111	6.74124	6.85032	4.20703	6.34102	4.35033	7.76908	9.15055	6.20282	6.1132	6.21766	4.15009
alpha_rarefaction_406_5.txt	406	5	15.853	14.15699	26.87896	14.18733	12.9472	33.09808	13.19157	9.96137	12.66836	8.50321	10.86458	8.36135	11.12896	6.34572	5.59577	8.45871	6.67169	8.50432	7.27289	6.43339	5.07943	6.28402	7.04532	9.10577	6.26167	4.81562	8.06821	8.78513	6.14094	8.37023	6.46289	5.7347	5.84996	7.91961	6.48295	6.20589	8.63432	6.44012	7.56586	6.61479	6.84181	5.49238	5.0045	6.62252	6.10476	7.24381	6.0902	7.06029	8.35466	8.5202	8.84925	7.38428	5.25628	8.52144	3.80695	7.37811	9.9804	7.83729	6.09018	8.06411	5.06048
alpha_rarefaction_406_6.txt	406	6	16.79548	12.57888	28.92926	11.73802	15.24183	28.43005	9.3035	12.36111	10.90249	9.45119	9.5078	6.64206	8.90952	4.61336	5.68473	9.02936	5.59321	8.47429	7.88453	6.25565	5.11995	7.93683	5.68601	7.91658	5.81556	7.03045	7.86528	8.46833	5.06953	7.79224	7.05645	5.02912	5.27719	8.57905	5.88378	4.91135	6.16444	6.19279	7.24313	5.87879	6.571	6.02913	6.03415	6.40276	6.41972	7.1135	5.89612	6.41549	7.02072	9.10285	6.9848	7.94103	3.81812	7.9211	3.9145	9.73266	8.27604	6.71611	5.96386	7.02305	4.18957
alpha_rarefaction_406_7.txt	406	7	17.53346	17.53567	29.99465	9.0025	10.5358	26.78715	13.93101	12.92087	12.33914	8.73839	8.14522	8.09775	10.96927	4.33292	7.01253	8.04094	5.19736	7.42452	6.66137	5.99464	5.00332	11.019	8.17	8.53364	4.947	6.66439	8.23078	7.34529	7.07046	7.58521	6.99748	4.42338	4.21798	8.59751	6.38253	5.405	6.50551	6.58884	6.41243	5.67389	7.89792	5.16168	6.21526	5.85244	6.51672	7.07736	6.95572	6.42115	8.77407	8.31714	6.9287	6.96161	4.67275	6.9667	5.57276	8.95671	9.21506	7.86618	6.27763	7.36487	3.52908
alpha_rarefaction_406_8.txt	406	8	13.13865	13.17448	29.60377	9.78824	13.8788	34.04762	8.77324	11.74789	12.57746	8.51314	9.26431	7.48551	11.33839	4.36915	7.21661	7.92493	6.65105	7.50908	6.28414	5.9351	4.60256	9.90405	8.13557	7.38549	5.2208	5.93578	7.78363	8.37007	5.57952	6.08225	6.63687	5.29919	6.18533	8.05939	7.33026	5.54961	6.2929	6.75629	6.04523	6.56014	7.82594	5.74879	6.18236	6.8649	5.36698	6.45235	5.86463	6.4222	7.00184	9.79546	6.41179	9.14129	4.63563	6.37832	3.79601	7.85213	6.89666	7.50618	6.2178	8.03831	3.92854
alpha_rarefaction_406_9.txt	406	9	16.82821	13.74124	27.94585	8.91774	14.45405	32.98802	10.41399	11.17174	11.83644	8.57352	8.90095	7.76235	9.71891	5.3631	6.55299	7.56141	6.27573	7.39867	6.31894	5.74947	4.28233	6.59024	6.51099	8.90376	6.30808	7.00952	8.96108	7.72985	6.1597	8.70859	6.3124	5.5722	6.37	7.16621	7.61995	6.08488	5.7914	6.55895	6.81273	6.13848	6.54469	5.24806	6.79176	6.49959	5.51785	7.57525	6.38419	5.72826	9.27328	9.27518	7.11202	5.98084	4.21025	6.63573	4.50611	6.29004	8.81312	6.08291	7.40613	9.74991	4.68771
alpha_rarefaction_505_0.txt	505	0	16.75528	13.24282	30.35945	10.36188	16.9548	36.40519	10.6437	9.74783	12.03682	10.01317	10.30068	10.18275	12.60352	4.18206	8.15205	9.30989	6.86602	9.02041	8.51147	7.16929	4.63775	7.58015	7.30177	8.44834	5.42251	6.13115	7.64681	9.28137	7.16928	6.50973	6.58081	6.02645	5.19994	8.90043	5.08436	5.56383	6.4336	5.90815	7.39378	6.1651	8.11644	5.82964	7.1773	7.1463	5.50516	7.36364	6.61278	7.15373	8.04034	9.77632	7.44386	7.76891	5.71231	7.17965	4.30749	7.1511	8.30326	7.61702	7.34866	9.16297	6.54
alpha_rarefaction_505_1.txt	505	1	15.46367	12.5769	29.40204	10.24695	11.47818	33.35688	10.56715	12.32605	11.64516	10.35189	10.2098	8.39332	12.52803	5.59603	6.74661	9.25971	6.21707	7.74015	8.3326	5.29953	5.82269	9.75447	7.53815	9.11218	6.90618	6.50922	7.80822	8.17899	5.46927	7.46364	7.84041	6.4293	5.49691	8.75179	6.601	6.23012	6.56894	6.42204	7.04358	6.71347	8.41884	6.81511	6.9756	7.01723	7.4574	7.82944	6.24291	6.33962	8.0407	9.80534	10.2818	9.9967	4.15129	7.2954	4.32992	8.9177	8.96489	8.68946	6.40634	5.97046	4.93377
alpha_rarefaction_505_2.txt	505	2	18.90571	13.77935	29.27321	10.2225	16.61898	36.31622	7.40707	11.31351	12.02724	10.36749	12.43701	8.79147	12.58343	6.10454	6.95089	9.50069	5.56419	8.83144	7.71076	7.06059	5.86921	8.02904	8.85885	8.2614	6.12195	7.33979	7.575	8.52039	7.16171	6.50927	6.31584	4.60159	5.6355	6.79558	6.20434	5.1262	6.43766	6.13428	7.38644	6.29604	6.77994	6.43659	5.70232	6.53928	5.78619	7.24691	6.70531	6.92647	7.93333	8.16571	6.56072	8.43424	3.98751	7.28125	4.79393	9.24429	10.25275	6.6342	8.17767	7.81937	4.58219
alpha_rarefaction_505_3.txt	505	3	15.0358	18.34439	27.70962	10.46832	14.70624	33.8624	11.37535	11.26119	13.61251	10.57957	9.92059	8.2372	12.05521	5.59832	7.4487	9.1159	7.38226	8.59294	6.54755	6.07817	6.69967	9.15087	7.22754	7.75228	5.44373	7.28847	6.96184	8.71468	5.89479	7.50293	6.5749	4.98914	5.71023	8.41536	5.61943	6.42811	6.29445	6.26661	7.42097	6.90729	6.94472	5.88911	7.28252	7.55164	7.29923	6.42866	7.03641	6.66421	8.73163	9.48692	8.74666	7.94942	4.40297	6.50842	5.63215	7.94634	9.48607	6.73282	5.73819	8.14587	4.18935
alpha_rarefaction_505_4.txt	505	4	16.46108	11.23218	30.52557	10.15154	15.11068	32.26411	9.53798	10.74291	13.36873	8.2158	11.38155	8.2448	12.93861	7.09228	8.23797	9.44588	5.08404	8.41607	6.57032	5.49955	4.46479	9.65208	7.6843	8.80565	5.91517	7.34068	8.64707	8.07649	5.80519	7.37067	6.63697	4.68297	5.31725	6.12537	6.28242	5.77611	7.8101	6.12905	7.23504	6.31069	8.50628	6.11752	6.35896	6.73981	5.67685	7.58563	6.35001	6.4947	7.13719	9.37323	8.1695	7.61627	4.29722	7.39446	5.42734	7.45268	10.16828	7.81168	7.17471	8.5765	6.38073
alpha_rarefaction_505_5.txt	505	5	18.43803	19.21749	30.28206	14.32727	15.16657	31.3253	12.01664	10.86285	12.36139	10.23338	8.20955	7.71455	9.94945	6.22772	7.98006	8.75542	6.53596	9.71254	7.64265	6.47187	5.22026	9.29442	7.19417	10.45755	6.2113	7.39508	6.91427	7.33635	6.70899	8.69692	6.92896	6.48537	5.75816	7.94948	7.24307	6.26062	6.8282	7.14158	7.21268	6.61732	6.99537	5.87506	6.70549	8.29574	7.32125	7.31186	6.50663	6.54797	7.92765	8.48405	8.59167	8.91115	4.72346	7.77149	4.15736	6.63278	9.92646	8.28702	7.25925	8.51754	4.38165
alpha_rarefaction_505_6.txt	505	6	13.072	17.34436	30.2301	10.11888	15.3003	32.63384	12.126	11.14851	12.34757	9.70884	8.83717	5.99432	12.68927	5.70942	7.81476	8.34588	8.6683	8.31305	7.59956	7.22452	4.25262	8.77222	8.68962	8.04124	5.56752	7.40978	7.19249	8.81568	6.03615	7.79095	7.8636	6.24652	4.43031	6.4662	6.83912	5.39666	6.48964	6.80677	6.52233	7.49182	6.62889	6.43153	7.54107	7.15955	5.48796	7.96873	6.93398	6.16779	7.93365	9.74819	8.91986	6.64552	4.39954	6.9422	4.13498	7.74199	8.59319	7.56488	7.37698	8.28736	5.51804
alpha_rarefaction_505_7.txt	505	7	17.34284	11.99536	27.32569	9.20713	10.63279	35.16272	9.72858	12.46519	10.82712	9.56358	9.50984	9.08731	10.60584	5.68495	8.11835	9.38139	7.09679	7.6939	6.70414	6.78952	5.98024	9.71629	7.14493	7.16285	5.6091	6.64772	8.66771	8.66621	5.62473	8.50854	6.86062	5.68623	5.64399	7.16621	6.70059	5.67119	6.67622	6.17565	7.61739	7.3594	7.42284	5.68268	6.73122	7.53555	5.59419	6.88878	6.45421	6.68518	7.66107	9.04756	9.20385	7.53894	4.28225	7.23109	5.08011	8.39822	10.26192	8.67578	6.49379	10.33502	4.29646
alpha_rarefaction_505_8.txt	505	8	16.35422	13.02897	28.34094	9.62265	14.97541	34.6591	12.96172	9.75869	16.79999	9.97449	10.33396	7.48759	11.42791	5.5767	8.05105	8.90321	6.72307	7.72122	8.43014	7.00954	4.8375	8.38631	9.29519	8.72115	4.99358	7.25014	8.36484	7.58533	6.62661	7.69557	7.59982	6.15633	5.77232	7.35517	6.01303	6.21777	5.98564	7.62221	7.69263	6.43197	7.98633	6.08151	7.63089	6.59033	5.8054	6.95346	6.49773	6.41935	8.32909	8.26389	9.13858	7.91629	9.59674	8.64054	4.62417	7.3778	10.11247	8.22018	7.03772	6.75249	4.4056
alpha_rarefaction_505_9.txt	505	9	16.72172	12.54133	31.6348	9.06813	16.18083	37.04215	13.1821	11.23199	10.77536	8.29351	11.23404	8.78581	11.44357	5.57549	7.13346	10.26844	6.85477	7.59701	8.12627	4.88959	5.66272	10.23607	7.37227	7.89092	7.34556	7.03128	7.4318	8.19985	5.65969	8.39631	6.18425	6.42388	5.52756	7.38897	6.20111	7.38171	6.54085	6.27564	6.45715	6.78544	8.27546	6.55182	7.48313	6.80131	5.95617	7.11594	6.62881	7.50391	7.05053	8.14185	7.09618	9.13208	3.98751	7.72818	4.37076	7.63144	8.25375	7.93866	8.41135	8.98526	4.92756
alpha_rarefaction_604_0.txt	604	0	16.61773	13.90981	29.15597	15.10456	11.4972	29.03133	12.05503	12.11467	18.94845	9.78107	11.01365	8.35674	11.48763	6.86749	5.55502	8.97545	7.41563	8.16849	7.71455	6.58469	6.01836	9.47144	10.93842	8.53704	4.78665	7.77362	8.94403	8.20847	6.32179	7.314	7.29641	6.14533	5.66804	8.52858	7.0779	5.95938	7.27042	7.33142	7.08414	8.14254	7.32599	6.97782	5.99845	7.57763	6.76087	7.41193	6.43435	7.30705	6.91384	8.99573	8.36693	8.08463	4.95736	7.38876	4.11785	7.30216	10.5119	8.90467	7.19417	10.82129	4.59073
alpha_rarefaction_604_1.txt	604	1	16.81962	12.28713	34.02443	10.03275	15.64401	32.04868	12.04179	11.13636	13.47073	10.88749	9.9275	7.4641	11.69748	6.5976	8.08341	8.36927	6.98215	8.03639	7.87928	7.71735	5.06824	11.63322	8.74163	8.08969	5.04903	7.73214	8.69493	8.3577	6.09477	7.47205	7.46732	5.31148	5.35939	7.51982	6.37143	6.42923	8.88442	6.75537	8.38479	7.61637	7.06965	5.91541	5.87654	6.92419	6.37578	7.89212	7.38445	7.92718	8.29392	10.52308	7.56029	8.44291	4.09982	8.35963	4.40861	9.05172	9.57689	8.32788	8.06036	9.94277	4.49219
alpha_rarefaction_604_2.txt	604	2	18.82304	14.60399	31.68337	9.60592	14.31383	35.9527	9.84024	10.45991	14.94894	12.22716	11.84872	6.98107	15.8907	5.72784	8.15087	8.05591	7.52216	8.1622	7.12257	7.64324	4.39584	9.18581	8.73485	8.62094	4.5619	5.81174	8.51203	9.22886	6.20352	7.90899	6.68879	6.04035	5.52939	7.71938	6.64547	7.40704	6.92229	6.47989	8.1433	6.49915	8.79129	5.84871	6.75471	7.36179	7.57515	7.97038	6.82815	7.27666	8.38202	10.53714	7.10751	7.95875	4.78633	6.95846	5.03322	6.2565	10.32974	7.53952	6.92318	9.18757	5.07475
alpha_rarefaction_604_3.txt	604	3	16.24118	20.93971	31.62373	12.77322	12.99443	34.60364	14.05102	11.38267	15.16721	9.93524	10.69667	8.45549	14.62592	6.80317	6.88422	8.46166	7.00917	7.99644	6.93452	7.00407	5.22456	8.0718	6.42355	8.09901	5.67619	8.07388	8.53833	9.0779	5.78368	7.40089	7.36087	6.11737	5.6355	6.6737	6.78271	8.28065	7.21914	6.11249	7.06561	7.77677	6.88031	6.47076	7.63342	7.0637	5.96314	8.1507	6.41557	5.95615	7.38043	8.91509	8.22642	7.716	4.54424	7.5973	4.32361	8.47702	6.22079	7.85753	7.61757	9.89848	4.56626
alpha_rarefaction_604_4.txt	604	4	17.10357	13.05863	29.67655	10.63943	12.59833	35.64103	13.02662	10.02583	13.2852	9.14843	9.99487	7.8077	17.24925	5.0867	7.89293	9.13911	7.20184	8.2196	6.56598	5.48847	6.60336	9.19089	9.42445	9.2837	5.44946	6.66498	9.27486	8.30785	5.01239	7.65116	6.18484	5.694	5.86127	8.26078	6.87616	5.79278	7.33924	6.24893	8.27092	6.59923	8.46289	6.75133	6.44286	8.28985	6.74025	7.68048	6.90844	7.43498	8.91249	7.98533	8.25102	7.79227	3.98751	7.2827	4.19725	8.54803	9.51111	7.17371	7.65312	8.19696	3.88264
alpha_rarefaction_604_5.txt	604	5	18.30697	13.5559	34.5398	11.5998	15.85964	34.39996	13.81992	14.67061	14.74148	9.5031	10.81148	9.46638	12.30086	5.75273	7.95838	9.70298	7.78676	8.38022	7.70989	5.5192	5.50227	8.35327	7.90504	8.32516	5.07015	7.83926	7.40276	9.99348	6.3801	8.75773	7.46778	6.93463	6.04435	7.55053	5.61322	6.66636	8.78378	7.48096	6.93146	8.81798	7.82164	5.68911	8.20823	7.13534	5.73149	7.23437	6.67335	6.75144	8.06864	9.57509	7.55283	8.36451	4.29257	7.18195	3.61745	8.61546	8.51126	6.42655	7.71622	10.0952	4.69231
alpha_rarefaction_604_6.txt	604	6	17.62192	13.45491	28.49506	12.34237	10.95323	31.94613	11.43912	13.08033	15.84111	10.0832	11.31225	8.55026	13.68322	6.1904	7.47958	11.15168	7.97116	7.05602	8.97545	6.10959	4.27142	9.89434	7.35924	9.37366	5.9528	6.33922	7.85858	8.77358	6.20037	7.88001	6.54614	4.93244	6.59599	8.5715	7.03185	5.19091	6.56438	7.54772	8.18006	6.88566	8.67031	7.1666	6.16182	7.14614	6.07159	7.47567	7.96792	7.83229	8.40542	8.91193	7.74607	8.06789	4.99728	7.7315	4.78263	8.77383	9.63642	8.42538	6.62238	7.47729	4.80663
alpha_rarefaction_604_7.txt	604	7	16.42431	14.41347	30.12818	10.67076	11.07675	35.74064	9.75111	10.76953	13.28	8.75645	9.29506	8.53197	12.08223	8.67153	8.51563	8.56146	7.3439	8.9209	11.4232	7.50314	5.75203	9.64225	8.25485	8.10249	7.92316	7.64252	10.09114	9.91502	5.72177	7.3764	6.57128	5.11322	6.20078	7.87415	7.02181	6.62199	7.00922	7.77792	7.30288	7.49958	8.9857	6.80537	7.92728	6.5946	5.4442	6.7078	6.97856	6.71571	7.04723	7.76915	7.33981	8.28227	10.06359	8.61251	4.98553	8.44555	8.89398	7.0765	6.12166	8.75454	3.96337
alpha_rarefaction_604_8.txt	604	8	19.1419	13.68116	33.02656	15.65734	14.83472	36.20459	12.08666	11.05335	16.68261	10.18607	13.15939	7.76475	12.41512	5.75528	6.49887	9.70025	7.1219	8.22083	8.89255	7.21064	6.02239	8.62064	10.48267	10.04386	5.26839	6.18168	9.12299	9.04876	6.29161	9.4633	6.76841	5.71468	5.30794	8.20781	6.47808	5.23592	8.3899	5.98821	8.24922	7.63396	8.97084	6.62892	6.99315	6.16784	7.04588	6.45455	6.67791	6.54209	8.59385	9.10803	7.30606	8.59049	4.57836	8.1524	4.19994	6.72413	9.47976	7.68805	7.65068	7.72248	4.98411
alpha_rarefaction_604_9.txt	604	9	18.21531	13.24506	30.23037	9.90589	13.9914	38.28808	12.68877	12.2158	15.58117	10.48271	11.05997	13.7542	11.72715	5.25931	8.11294	9.77559	7.59161	8.33427	6.4655	7.28305	6.98113	8.9672	8.0959	8.89317	6.63022	7.88202	7.59078	9.27359	6.81897	9.27619	7.46365	5.62538	5.43475	7.59527	6.98127	7.48799	6.73514	6.72962	7.15219	5.78686	8.38318	5.88883	6.6593	7.67532	8.23681	7.50023	8.33339	6.3645	8.9186	9.46025	8.06087	7.66523	4.52223	7.26129	3.67339	8.60899	9.17648	7.26656	7.19706	11.12975	6.07451
alpha_rarefaction_703_0.txt	703	0	17.14638	14.79556	33.58381	15.93908	14.97423	38.05444	13.25715	10.93476	14.95171	13.78728	10.2296	7.30576	14.9203	7.31417	7.97366	10.12488	8.19998	7.78401	7.20749	7.41657	5.05194	9.22487	8.94096	8.08413	6.58536	8.93337	8.84694	7.71693	6.67008	7.83145	7.92963	6.79874	5.77287	7.14013	7.44953	6.2909	7.38975	6.2931	8.05364	7.9785	9.55672	6.26858	9.43434	6.61611	7.79071	8.71401	6.69506	6.62839	7.34161	10.18067	8.51103	8.90603	4.76073	6.18553	4.30749	7.29339	10.45634	10.13498	6.78737	9.70912	6.08693
alpha_rarefaction_703_1.txt	703	1	20.65851	24.54027	33.24828	12.71978	11.79064	39.42265	13.43925	14.83095	15.69476	15.9045	11.51056	9.06516	12.28198	6.9232	9.10006	9.29316	7.63791	6.77905	6.66165	7.22826	5.33269	9.57925	8.29843	8.84266	5.86532	6.80752	10.1539	9.83142	6.15127	8.73757	6.9849	6.39939	6.02365	8.29215	5.41891	8.21704	7.38096	6.31576	6.91757	6.88538	6.75488	6.81949	9.49603	7.57505	7.08581	7.56229	6.90239	7.21731	6.90396	10.36805	7.71023	8.62997	4.90355	7.23245	4.18749	8.06544	7.9516	9.77793	6.98805	9.39593	5.34114
alpha_rarefaction_703_2.txt	703	2	18.87647	15.86634	32.77948	12.88274	14.56575	38.80071	11.95265	12.12751	13.30541	9.90719	12.89059	7.88081	10.80005	7.27213	7.76748	9.2467	9.24395	7.48544	8.4116	6.94157	4.71969	7.84747	7.67403	8.53216	9.44194	7.35481	7.73504	9.07425	8.61281	7.98125	7.22099	6.69435	6.00814	6.96224	6.86768	6.60484	7.32548	7.13419	7.25594	7.15785	7.55421	6.55994	7.14152	6.57614	6.12487	8.12415	6.75986	7.86552	8.32474	7.69623	8.56331	8.58565	4.50348	7.26084	4.1855	9.33441	10.49588	8.15176	7.44718	10.21299	6.53113
alpha_rarefaction_703_3.txt	703	3	18.03282	17.61672	35.74855	10.91427	15.38625	36.84637	11.54103	12.44394	13.77418	9.53838	10.57001	7.54767	14.56515	6.42869	7.95408	8.77893	7.58571	9.21661	9.50152	6.10661	5.5888	10.64654	8.24492	9.05366	5.2142	7.02033	8.37619	9.95663	7.91483	8.66311	7.48714	6.97223	5.86548	9.23453	7.50088	7.23407	6.44275	6.30176	9.03868	6.04888	7.83079	6.88828	7.81129	6.26347	6.21422	7.68182	6.75599	8.7201	8.79058	10.66519	8.45419	9.47628	4.97963	7.73302	4.69028	8.24565	8.68481	8.45572	9.15395	7.73977	5.68391
alpha_rarefaction_703_4.txt	703	4	18.04861	19.1788	33.0287	10.80722	16.36456	41.76466	13.40294	11.69013	17.37905	11.13327	10.5064	9.34897	12.56919	4.86526	7.49056	9.83197	9.66994	7.74103	8.74799	8.14896	6.76791	9.59175	8.91877	8.61639	7.29756	8.76068	9.7383	8.5721	6.4741	8.42202	8.16487	5.1451	7.02167	7.26055	6.80465	6.05595	7.16577	6.14116	7.35817	6.23392	8.61092	6.42991	7.25873	8.12831	6.08291	7.04001	7.61031	8.21879	9.5423	9.1505	8.32525	7.45098	4.11196	8.62218	4.80646	8.0017	8.38977	9.40223	9.90606	8.52571	5.70611
alpha_rarefaction_703_5.txt	703	5	20.05281	13.99408	31.05868	16.27749	15.96339	42.89105	13.68548	12.62962	14.55501	9.28961	11.17794	9.23154	16.52146	6.16439	9.12706	8.39425	6.06821	7.14396	6.98172	8.14285	4.73637	8.35763	7.60588	8.28696	7.90626	7.15076	8.62897	8.32783	7.74774	8.4456	7.70592	5.66858	5.82993	7.61914	5.69854	6.92846	7.08291	6.12028	7.19919	7.31331	8.90475	6.74124	7.69992	7.00715	5.62891	8.14373	7.19512	6.71689	8.03958	10.22141	9.43281	7.71256	4.71338	7.93265	5.63418	10.0983	10.28365	8.60561	6.85441	10.31734	4.71339
alpha_rarefaction_703_6.txt	703	6	19.09144	14.16226	35.65085	10.30775	16.61391	35.11599	11.42577	12.32546	13.51306	11.50445	11.69657	7.74945	11.33171	5.65646	8.13212	10.65655	6.70144	8.54474	8.09311	6.88821	5.45946	8.4644	8.90337	8.77045	6.04959	7.83551	9.44558	8.07261	7.14827	8.10874	7.58432	5.39666	6.74791	7.6203	6.63848	5.82928	8.31055	8.39789	7.47313	6.71314	8.26747	7.66934	7.22927	8.47347	7.39673	6.67421	7.07232	8.03748	9.41436	9.39377	7.75353	8.08047	4.66454	6.66916	4.62679	8.33122	9.22391	8.85397	6.09518	8.29081	6.22002
alpha_rarefaction_703_7.txt	703	7	16.96634	21.71836	33.08453	9.96034	15.80246	48.15862	12.82176	12.04422	12.42733	10.04387	13.1839	7.84054	11.19645	5.90512	8.6807	8.04587	7.3947	8.2351	10.58462	6.24695	4.84503	10.2261	9.19615	8.47865	6.36493	7.34088	9.2513	7.84046	7.16256	8.58997	7.50206	4.93056	6.34238	10.11983	6.98516	7.13796	8.57523	6.01028	7.29495	7.19778	8.93713	6.91558	6.5004	5.91444	6.035	7.88491	6.14214	6.68287	8.43882	11.53112	9.6322	7.39448	4.98893	7.13406	4.26576	9.43695	9.11938	7.43895	7.26288	9.30119	3.88308
alpha_rarefaction_703_8.txt	703	8	18.07441	14.8364	36.86336	10.45863	12.27012	36.25052	13.82641	13.33665	13.72109	10.2969	10.02275	9.43602	11.18992	6.88667	7.75104	9.59917	6.09793	9.05319	8.15128	7.3241	6.04722	10.00559	7.50253	11.74311	5.85604	7.65646	8.499	9.10677	6.21733	9.54868	7.26191	7.23645	5.96318	8.25266	8.36272	7.67528	8.54908	6.52541	7.09069	8.08367	8.37987	5.90904	7.77757	6.32642	5.28344	7.45334	6.97733	6.66672	8.0918	8.92639	10.37668	7.88062	4.56939	7.00762	4.91958	7.48285	10.44616	9.02675	7.32822	9.42598	4.81483
alpha_rarefaction_703_9.txt	703	9	20.22105	16.57754	31.07769	13.81312	16.64531	35.25049	13.16939	11.30509	13.9727	9.0828	11.98998	9.33094	11.81167	6.20103	8.94841	9.8083	8.17695	8.87976	8.76575	5.30447	5.15173	10.3104	7.49087	8.65248	6.05989	9.40614	9.47389	9.65788	7.04344	7.79867	7.30097	6.07836	6.24139	8.49129	7.48367	6.46597	6.91718	6.35846	7.84906	6.63128	8.57139	6.42933	8.30195	9.238	7.15881	7.31879	6.46664	6.82103	8.48424	8.66848	7.48679	8.37032	5.23018	6.08821	4.45604	9.23526	10.17727	8.47979	6.89008	7.51571	5.57273
alpha_rarefaction_802_0.txt	802	0	19.49848	13.77305	32.47821	11.33462	15.17703	36.53531	12.90671	11.78092	17.02241	8.77253	12.09973	9.82454	12.1118	6.3924	7.31846	10.3273	9.48645	8.5568	6.81284	6.3807	6.53621	10.51524	9.38642	8.91378	6.50619	6.3878	8.6713	8.78783	7.65447	8.64038	6.85043	7.77691	5.79952	10.85831	7.44604	5.45238	7.507	6.22946	8.17204	6.645	9.90288	6.91965	7.48501	7.80559	6.18657	6.94498	7.35558	7.71142	9.84593	11.05953	9.07598	8.1515	4.47369	7.30074	3.82138	8.64047	10.76958	9.66837	7.13797	8.89287	5.94626
alpha_rarefaction_802_1.txt	802	1	19.46046	15.19975	33.67411	13.7409	15.73105	45.81702	16.03912	11.39627	19.40026	11.24267	15.70355	9.64918	12.73149	6.0168	9.29812	9.47813	8.19925	10.21455	8.81223	7.35674	5.84423	11.4358	9.79277	9.37526	7.11374	8.85097	10.11163	10.98171	6.27929	8.27312	6.59588	5.16164	6.69738	9.24435	7.16365	6.6731	7.96105	6.32125	8.47413	8.52758	8.37457	7.4402	8.98978	7.26432	7.24539	7.6434	7.3509	8.98387	8.40964	11.58847	9.34013	8.86526	4.11161	7.35744	4.66158	8.87591	11.18717	9.28914	8.09585	8.42961	6.24782
alpha_rarefaction_802_2.txt	802	2	20.94713	16.78755	38.76109	12.97509	16.52961	36.61601	12.75525	13.32895	15.82913	10.98924	11.51955	11.62583	12.54248	6.02314	8.07623	9.31283	5.74001	10.11048	10.70401	7.15963	6.9709	10.97285	8.51134	10.20845	5.62515	8.48233	8.17274	8.16274	6.36324	7.78719	8.22657	6.84982	6.30801	8.6706	7.39735	6.09373	7.02328	6.37075	8.16631	6.35378	7.7485	5.62726	6.96791	7.24127	7.54927	7.38308	6.44727	7.8549	8.25582	9.86934	9.58681	8.60535	3.98751	7.65609	3.76744	8.87041	10.49207	9.61921	7.92034	8.87756	5.22984
alpha_rarefaction_802_3.txt	802	3	19.41672	16.73486	34.8419	13.8119	13.94403	34.33663	12.62509	13.57564	13.94246	11.07214	11.27145	11.14528	12.16777	6.00559	8.30867	9.78301	8.445	7.85358	8.14996	7.47234	5.23299	12.06015	7.76527	9.09205	6.89541	7.13752	7.815	8.59791	7.51223	7.80591	7.51966	5.93172	6.50505	7.89474	7.38093	5.83042	7.75493	6.91195	7.456	6.39868	8.95179	6.96848	6.99649	7.22718	7.29097	6.88872	6.82097	8.8465	8.15942	9.66406	8.35001	8.85346	4.50421	7.35432	4.36568	8.28734	9.08071	10.06961	8.03651	8.29117	4.51836
alpha_rarefaction_802_4.txt	802	4	19.52925	18.93547	38.39714	12.3812	15.83461	43.70479	13.941	12.83517	15.03583	10.19144	12.18654	9.60085	14.15626	7.03631	9.34345	9.33341	8.10645	8.84517	8.29271	6.6633	5.42366	9.46244	9.63992	7.64387	7.53681	8.40629	8.41886	10.54768	6.7922	9.31988	7.2118	6.41227	5.15766	9.088	7.29665	6.47542	6.62775	6.95642	7.53472	6.34587	7.39586	6.88909	7.41751	7.32627	6.49153	7.38869	6.89195	7.37722	8.35073	9.64562	8.43113	7.88676	9.96552	9.11517	4.50913	7.60234	7.95666	8.51003	7.03228	10.6196	5.06381
alpha_rarefaction_802_5.txt	802	5	21.40427	15.3422	31.38647	14.00234	15.94825	40.94797	12.60905	12.61003	15.06541	11.39014	11.31773	9.66469	18.05035	5.45693	8.82395	8.88638	8.70225	7.92446	10.41903	8.71657	6.41438	9.2322	9.4312	9.75716	7.30707	8.31911	8.38135	9.35228	6.43078	8.16654	7.41251	5.00729	5.93955	9.06561	7.51707	6.0783	7.01878	7.14905	7.53074	7.81817	8.73975	6.23182	8.20457	7.95047	8.21548	9.96931	6.37427	8.04287	7.77377	8.58107	10.34466	9.56821	4.27539	6.20019	3.99523	8.48353	9.58714	10.33216	7.51779	7.07151	4.87189
alpha_rarefaction_802_6.txt	802	6	19.74049	16.02086	32.3399	11.1544	15.96898	40.62608	13.47767	13.12475	12.22299	11.34385	12.70016	9.83414	13.05922	6.33606	9.06444	11.97505	6.12893	8.43783	8.85488	7.79157	5.01474	11.54675	8.85072	9.49612	7.87564	8.05461	9.3506	9.05071	6.66155	8.54419	7.35106	6.59974	6.65108	8.8802	9.34554	7.50198	7.75664	6.67234	7.84284	7.14214	9.06996	6.94416	7.51515	7.30393	6.70491	8.22863	7.898	6.55811	8.89713	10.53968	8.34966	8.87105	4.24593	7.75074	3.63444	7.86156	9.62731	9.00679	6.45649	9.95095	6.33915
alpha_rarefaction_802_7.txt	802	7	19.35719	19.67577	35.64405	12.1848	17.41207	44.30664	14.62756	14.08426	18.69179	10.36861	13.12966	9.65358	13.14022	7.00406	8.27285	9.11231	7.12636	9.01924	8.13742	6.80428	5.23006	9.91267	7.21576	9.12867	7.27018	6.63391	9.34335	8.915	7.20639	8.12344	7.50224	5.56794	6.33506	8.86814	6.86092	5.86276	8.66385	6.71258	8.46659	7.27947	7.63738	5.86463	8.77793	7.16501	6.85412	7.97531	7.24811	7.08791	8.72333	10.85829	7.02638	8.45142	4.74486	7.45965	4.18213	7.73944	11.5601	9.90642	7.775	9.64069	4.99987
alpha_rarefaction_802_8.txt	802	8	19.67482	17.97097	34.62442	13.2025	14.88302	31.19907	12.45317	12.40176	15.24912	10.05113	12.41094	7.73816	12.97994	7.1446	7.79117	9.63758	8.3528	9.49934	6.91111	7.32739	6.48986	10.68976	9.12374	10.17624	6.6493	6.27884	8.51829	7.87108	8.06061	7.81872	7.4581	5.62663	7.49853	8.72942	6.93093	7.43285	8.01744	6.17866	6.75234	6.97976	7.37561	6.83901	7.64081	6.81806	6.45032	8.55402	7.93375	7.06166	8.42873	10.07647	7.33885	8.59072	4.58108	8.90337	4.59633	8.75244	8.35682	8.74293	7.8236	8.8877	4.77468
alpha_rarefaction_802_9.txt	802	9	21.07787	17.77603	36.95716	12.31022	17.34306	36.20497	12.70344	11.98096	12.63898	11.69487	13.0923	8.76429	12.14083	5.80679	9.18604	9.91375	9.11162	8.67704	8.50227	8.35137	4.82676	10.95926	8.91547	8.76059	6.69307	8.51303	8.32339	9.67184	6.78589	9.04012	7.10021	6.12086	6.29107	8.58954	6.39333	7.56756	7.74977	7.25362	8.89535	7.80267	8.87511	5.7886	7.84692	6.75156	5.76347	8.40329	8.46732	7.20625	9.56442	10.52475	7.44117	8.42765	4.22392	7.54509	5.07389	7.12802	10.99667	9.59228	7.01694	10.18492	5.21165
alpha_rarefaction_901_0.txt	901	0	21.3331	20.43731	32.29893	13.22876	17.39097	46.11538	14.0503	14.76479	21.206	11.35966	13.64757	8.87743	16.6292	7.02614	8.05173	10.78175	6.82954	9.23748	8.49599	6.51399	7.34943	9.44785	9.16573	10.23475	6.09579	7.45476	9.43245	9.09564	7.52733	8.95074	8.14127	5.45932	7.0414	8.34034	7.13811	7.65157	7.35803	7.18582	7.39732	6.833	9.11367	6.64126	5.72381	6.54232	5.87749	7.26933	7.22402	7.17104	9.31902	10.05215	6.95271	7.69009	4.51185	7.66591	5.89604	10.91848	10.0831	10.9037	8.41137	9.95211	5.53511
alpha_rarefaction_901_1.txt	901	1	18.96948	13.9493	36.63617	12.37505	16.69718	42.79144	11.99246	13.49145	13.97513	10.33672	12.74344	8.07616	16.25175	6.32929	8.79174	10.73489	9.01534	7.98299	9.0882	8.64347	4.76585	10.09471	9.7453	9.62386	6.61592	8.58603	7.79747	9.69011	7.15348	8.11349	7.64417	7.70478	5.5623	7.48235	6.49135	7.76358	7.96505	6.37462	8.33328	7.14251	7.30509	5.83893	9.46236	7.87631	8.86002	9.10554	8.53431	8.23273	8.95609	9.19235	11.15191	8.05185	4.58311	8.77576	4.36774	7.46806	9.92886	7.80367	7.44353	10.91681	5.99895
alpha_rarefaction_901_2.txt	901	2	20.6381	19.04583	38.56018	13.01671	16.03126	40.37712	14.45019	11.96794	20.07546	12.2145	11.88669	14.33659	14.98471	6.64559	7.28342	9.91119	6.71221	9.45284	9.24889	6.97139	6.2157	11.6874	8.50753	10.17959	5.43076	8.25154	8.62752	9.13452	7.58531	7.97813	7.98404	7.42099	6.77609	9.9172	7.26185	7.62416	7.37549	6.80195	8.31476	7.47102	8.03879	6.0637	7.26503	7.96053	7.93068	7.38673	8.11259	7.76698	8.6274	10.22897	8.92128	9.3659	4.09982	7.30694	4.76567	9.89916	8.3759	8.25452	8.49416	9.22829	4.51201
alpha_rarefaction_901_3.txt	901	3	18.09272	20.35888	37.85587	11.8573	13.01082	46.09789	13.05275	12.55199	14.04524	9.39282	13.36002	10.06947	12.57039	7.26576	9.85309	9.43104	6.08559	7.96004	8.65702	7.66278	5.16022	10.71487	9.39876	9.85805	5.6251	8.24992	8.77411	9.10676	5.41979	8.18271	6.29292	6.11528	5.53203	8.94227	6.6745	7.30631	7.24203	6.63237	7.33987	7.52704	9.02032	6.40529	7.53233	8.41069	6.72464	8.52674	7.15249	8.30855	8.78488	9.33674	9.91961	11.06481	4.78048	8.3092	3.47231	7.8449	9.58537	9.26853	7.10083	8.5799	6.27818
alpha_rarefaction_901_4.txt	901	4	20.79109	18.95999	34.4443	11.90024	15.2842	39.43747	12.88017	13.61488	13.59653	11.34098	11.6747	6.88755	12.71016	6.6696	10.21721	10.01933	8.94886	9.35497	9.08482	5.87948	5.32922	11.00379	8.41017	8.79786	7.01922	8.21294	8.9423	8.59151	6.73465	9.18035	8.74353	6.1922	6.18163	9.10622	7.32831	6.82121	7.66002	7.26398	9.05742	6.36932	7.82869	7.47017	8.10825	8.27182	6.42329	7.88261	8.94825	7.63275	9.36358	10.06748	8.75777	9.0838	4.6404	8.40097	3.47048	9.03384	10.85586	8.63308	8.86731	9.26666	5.14735
alpha_rarefaction_901_5.txt	901	5	21.16469	19.04874	37.58547	13.994	16.8392	38.21639	14.85976	13.55167	15.10124	11.09877	11.82285	10.64	10.82495	6.88734	8.28945	10.83964	7.14299	9.23066	9.05662	6.80781	4.79476	11.68005	8.67357	8.84408	7.95326	6.60094	7.14318	10.89156	7.5831	7.97305	6.9213	5.86912	6.17908	9.31168	7.0858	8.88767	8.17145	7.11433	7.38539	7.80131	8.88711	6.55944	8.22076	7.17265	8.00287	7.54182	7.8772	8.10768	9.89654	10.66626	11.09804	9.50289	5.02282	8.57747	4.40158	9.78876	10.84579	8.26237	8.02074	9.60674	4.78489
alpha_rarefaction_901_6.txt	901	6	22.40191	15.28175	37.45779	12.83213	17.03629	38.09282	13.21798	13.16641	15.80001	10.51883	9.77974	8.51179	14.85667	5.38773	9.20015	8.26372	9.22133	9.16469	8.98274	8.53202	5.85414	10.1483	10.60101	10.0884	7.89541	8.69755	8.65961	9.53912	6.39326	8.09361	7.63899	6.16501	6.55827	8.00476	6.52083	7.35019	6.14309	7.28213	8.22746	7.09011	9.00767	7.60144	8.19496	7.06448	8.02931	8.25553	7.69064	6.46317	8.97546	10.34403	10.17803	10.18867	5.3473	7.36902	4.66325	8.6685	10.07637	9.85519	7.72314	9.40746	6.20178
alpha_rarefaction_901_7.txt	901	7	18.8661	15.20074	31.6071	10.82819	14.9622	38.09842	13.57159	13.68841	22.13782	10.09489	13.73514	7.74831	17.99738	8.82751	8.34837	10.88941	8.04429	8.90846	9.65416	6.26369	5.60018	10.95644	9.64744	8.30662	5.35399	6.67156	8.41912	8.58327	7.01416	7.69981	8.10138	4.98942	6.57102	9.57262	7.02864	6.68802	7.17516	6.93406	7.74825	7.06012	8.99468	7.74097	8.54247	7.58773	8.05235	7.72442	8.68467	6.8822	8.45109	9.61787	10.0498	8.64507	4.22392	8.72393	4.3044	9.18657	11.78643	10.21271	8.18305	9.15115	5.27877
alpha_rarefaction_901_8.txt	901	8	20.60523	17.13566	31.60563	13.3936	14.3425	44.17981	13.62319	13.06511	14.29171	9.40294	12.17502	7.59523	15.95	6.8259	8.71249	10.57691	10.09552	10.74793	8.2625	7.5741	5.74261	11.01738	10.2651	10.03121	6.20418	7.62734	9.1556	9.87818	7.23908	7.72486	7.1422	5.0797	5.33556	10.22068	7.31428	6.73777	7.28178	6.39886	7.75317	7.91882	8.61207	6.56148	8.13903	8.001	5.47476	8.34019	7.12357	6.56945	8.18545	8.84794	7.41875	9.24924	5.03034	7.62062	5.00486	7.43755	9.71747	10.11767	8.32721	10.02943	6.75579
alpha_rarefaction_901_9.txt	901	9	21.63833	20.29464	41.4419	11.49282	17.01226	40.83008	14.25099	13.44212	16.65023	10.4227	12.15375	9.74856	15.89398	6.77995	9.7019	10.71449	6.27002	8.72615	12.04186	9.26114	7.32163	12.4921	9.84692	9.36784	7.43557	8.36856	8.93173	9.22661	6.57043	9.91904	7.1265	6.82182	6.45919	8.1839	7.65539	7.29649	8.3155	7.48099	7.96881	7.56382	9.13865	7.78263	7.25313	6.7484	6.68995	7.46165	6.99562	7.73668	9.30223	10.56976	11.27816	9.19897	4.77016	9.04835	5.87983	9.11786	8.79064	9.2381	6.5108	7.97818	5.31354
alpha_rarefaction_1000_0.txt	1000	0	20.81111	15.03606	31.16055	11.84741	16.87013	40.05465	14.36785	12.00808	19.4183	11.30133	13.45621	9.94419	17.1492	6.04619	8.60236	9.44789	9.52289	8.83242	10.4311	7.98276	4.57593	10.61489	8.45917	9.59834	7.99372	8.5922	8.62359	10.56217	7.27158	7.58952	7.43699	7.03932	6.15998	8.68477	8.8391	7.36375	7.21579	8.02563	8.02431	6.9547	7.18282	6.93998	9.66898	7.48304	7.67068	7.14518	9.04909	6.6996	8.93195	11.23214	9.60595	7.73069	4.7785	7.71084	4.27856	9.18961	10.30094	9.97505	9.33969	11.2858	4.60009
alpha_rarefaction_1000_1.txt	1000	1	20.15596	22.29964	39.90547	16.60038	17.98321	42.56014	13.18437	13.49795	21.3963	12.86014	15.80153	9.55926	14.89497	6.67497	8.33074	8.79933	9.44466	10.38362	11.652	6.42748	7.76394	10.45143	9.88863	10.58446	5.97836	8.57083	9.04155	8.48796	6.59786	7.94438	7.33204	6.65464	6.68202	9.36093	7.2758	7.08961	7.62599	8.11349	7.69906	6.90216	9.54085	6.26391	7.51486	6.18602	8.28691	7.76293	7.54092	7.58241	9.05497	8.68915	8.61848	8.40799	5.14413	7.46142	4.43727	9.19791	9.73849	10.21528	7.78057	9.87857	5.35138
alpha_rarefaction_1000_2.txt	1000	2	20.73297	18.25922	38.12573	11.67446	16.97897	45.32066	15.94065	12.87382	14.43862	12.79122	13.94387	8.53495	14.59565	9.25547	7.57466	11.28224	8.94735	10.1927	8.78479	7.51754	6.17358	10.80462	11.44703	11.40087	6.5405	8.07024	10.66465	10.42162	8.09766	8.56619	7.85673	6.29622	7.82066	8.70653	7.25484	7.57072	8.67069	6.24824	7.18353	8.2384	8.27623	7.52205	7.93218	8.78402	6.25335	9.56842	6.84985	6.99706	8.72719	9.41932	10.0786	9.49473	6.61763	7.50823	4.11785	8.04564	11.44883	8.87203	8.40997	10.4303	5.05007
alpha_rarefaction_1000_3.txt	1000	3	19.93659	17.32169	43.46416	12.17819	16.27175	45.34131	12.5556	13.71063	18.15906	10.59703	13.31657	9.82443	15.75317	5.66233	9.37187	12.38803	9.0649	10.29912	9.43097	7.52342	5.99645	13.11651	11.09857	10.5142	6.04856	8.50268	8.4699	10.89322	7.77572	7.78366	9.26155	7.23701	5.61217	8.25286	7.70752	8.33323	6.84184	7.30586	7.68458	6.49827	7.78299	6.69661	9.11797	7.86661	7.02804	8.14756	8.17461	6.36761	10.12615	9.40923	9.31916	9.97735	4.89664	9.09866	5.29024	9.35997	10.01578	9.08878	8.77356	10.32725	5.88088
alpha_rarefaction_1000_4.txt	1000	4	20.90505	15.51949	35.93299	13.98931	15.38026	38.92954	14.1144	12.38212	16.84845	16.11118	13.6179	8.95932	13.41413	6.92806	9.34313	12.13411	7.19359	9.22538	9.20226	7.9435	6.18771	8.15454	7.96116	10.45852	6.5196	10.10879	8.7855	8.87311	7.1715	7.56893	6.84657	6.35588	6.34797	8.71466	8.06827	6.75007	7.27391	6.71216	8.45404	8.41659	9.98094	6.32087	8.82029	6.98044	6.39408	8.06717	6.88408	7.55934	8.82964	10.66942	10.20528	8.84859	4.87667	8.79388	4.83527	10.41386	10.42942	9.28654	8.34227	10.52631	5.83779
alpha_rarefaction_1000_5.txt	1000	5	17.04734	21.39039	33.01316	13.69039	15.89255	42.87675	14.9082	13.42033	14.7011	10.16454	10.92025	9.54523	13.89892	6.77428	9.32032	11.10184	7.86841	10.27219	8.32215	9.01874	7.04846	8.89335	9.44413	8.78541	7.48174	7.18988	10.26266	9.14145	7.48149	10.30381	6.84659	6.91573	6.43842	8.7153	7.48656	7.29072	8.94678	6.6364	9.1498	7.96896	7.96823	7.49866	8.87749	8.45791	5.6956	8.08216	6.81056	7.76991	8.40992	9.23411	8.54708	8.55642	5.88422	7.41136	5.16134	8.14966	9.13852	9.62503	8.87491	9.75144	6.08109
alpha_rarefaction_1000_6.txt	1000	6	21.88865	20.67096	37.88241	12.37037	17.41064	41.88516	14.96268	12.42818	16.73555	11.59191	11.93227	10.22414	13.14008	7.12822	9.11953	10.77189	7.39321	9.93454	10.80072	6.5389	5.47625	13.02774	8.52982	8.96217	6.19861	8.32719	9.98969	9.85377	7.75212	8.43886	6.82086	5.86415	5.93382	8.91076	8.29432	6.93289	8.18411	7.59292	13.48728	8.5936	9.04384	7.82611	7.60568	7.66912	7.03759	7.4953	7.88324	7.39069	9.35284	10.64564	8.40348	11.17319	5.08608	7.41944	4.40398	8.31488	9.15603	7.87386	7.20494	9.96817	5.21521
alpha_rarefaction_1000_7.txt	1000	7	21.14772	19.30666	33.1711	14.79785	17.02254	46.51722	13.80325	14.67363	18.24172	11.72342	11.87026	10.63989	15.07484	6.9226	8.42642	11.33093	10.05742	9.7599	9.0196	8.79771	6.57998	10.85299	9.8863	10.12657	7.01865	8.16774	8.4007	8.59191	8.30522	7.43146	6.94936	6.75507	6.49747	7.86902	6.00558	8.36307	8.68877	8.88267	8.66025	6.71568	9.18714	6.49847	6.99746	7.21447	6.66173	6.94598	6.9965	9.28538	8.82887	10.22792	10.04159	8.73999	5.48208	8.37394	5.79864	10.02396	10.66717	8.73124	8.85935	10.75369	6.60491
alpha_rarefaction_1000_8.txt	1000	8	19.72117	14.992	35.40171	13.20135	15.88645	42.31342	12.47816	17.91155	14.57404	11.88813	13.56779	10.38736	16.54296	6.53879	9.72673	11.20862	7.78981	9.52583	11.58422	7.84044	6.10201	10.85491	7.03386	10.88667	7.26893	8.67777	8.70787	10.26931	7.70383	8.79043	8.25518	5.44826	6.26238	9.22802	8.60352	7.47266	8.63814	6.79855	8.16721	7.46162	8.43989	7.65246	6.23948	5.88502	7.19095	8.32162	8.49491	8.63072	8.54945	11.30717	10.41466	8.82051	4.4669	8.84091	3.82138	9.08075	10.33301	10.53248	8.81733	10.11559	6.0933
alpha_rarefaction_1000_9.txt	1000	9	22.46385	21.53343	36.7798	10.36092	15.51214	38.22872	13.07089	13.57684	19.17632	11.25143	12.5156	8.43498	17.1729	7.12323	8.15116	10.47515	8.28822	10.34343	8.03233	8.64393	8.34492	10.78319	7.39362	9.49235	6.86772	8.67613	9.76776	9.61864	7.28637	7.97991	7.67925	6.06381	7.96123	8.56201	7.18978	7.42742	7.35688	7.53911	8.76464	7.53818	7.47365	7.88071	8.3999	8.11737	6.62487	8.07655	7.81483	10.60823	8.75493	9.747	9.85955	9.39556	5.81026	7.71781	4.67639	11.22924	9.91402	8.70878	10.47372	9.81445	5.27212