Eigvals	64
3.58741386575	0.839539110891	0.709403343713	0.490869949667	0.380757025824	0.32236145316	0.301834721504	0.267238441782	0.249739369338	0.213581097914	0.208006613049	0.197159140501	0.187868596169	0.177721884838	0.17637299943	0.167459932649	0.162746632685	0.155891839253	0.148977735065	0.146671321368	0.139498938566	0.13130604351	0.127727376111	0.125444325415	0.121987964997	0.119548757161	0.118664862658	0.114369810248	0.109828329682	0.10615844197	0.103921904826	0.101348711841	0.0986827494417	0.0961608732186	0.0914640902175	0.0901708038958	0.0873885544467	0.0856302410021	0.0845219959377	0.0788930986905	0.0730459072986	0.0709080629792	0.068620077305	0.0661889663481	0.0632819030332	0.0624259394688	0.058529898208	0.0573343540848	0.0543992463863	0.0522491936554	0.0502669579053	0.0483095928517	0.0452820436525	0.0438786095655	0.0402245937672	0.039267851618	0.0377244187534	0.0330187169822	0.0303015763709	0.0295155231292	0.0271997424474	0.0238559928339	0.0172532317679	0.0

Proportion explained	64
0.291247292079	0.0681587075792	0.0575935229611	0.0398517006829	0.0309120878887	0.026171192903	0.0245047124706	0.0216959836308	0.0202753063257	0.017339765841	0.0168871964741	0.0160065350496	0.0152522741865	0.0144285046664	0.0143189942399	0.0135953792177	0.0132127258907	0.0126562135674	0.0120948860493	0.0119076378619	0.0113253417715	0.0106601945125	0.0103696573099	0.0101843058679	0.00990369826317	0.00970566906902	0.00963390933061	0.00928521179236	0.00891650777148	0.008618564769	0.00843698956993	0.00822808267567	0.00801164421652	0.00780690351795	0.00742559113478	0.00732059456813	0.0070947152444	0.00695196504926	0.00686199121685	0.00640500433382	0.00593029505218	0.00575673231528	0.00557098022287	0.0053736083808	0.00513759593561	0.00506810379459	0.00475180032097	0.0046547390391	0.00441644978641	0.00424189589909	0.00408096637824	0.00392205600637	0.00367626181063	0.00356232280255	0.00326566837507	0.00318799443764	0.00306268950791	0.0026806530467	0.00246005964018	0.00239624322907	0.00220823457496	0.00193676937558	0.00140071851759	0.0

Species	0	0

Site	64	64
SAMPLE_112509	0.135856189964	0.145507135974	-0.00789790581473	0.072741509433	-0.0906235589584	-0.0252725789794	0.0494800036458	-0.00953075091915	0.14388721165	-0.0898593127354	0.0785470801334	-0.0905267412736	0.0510088393455	-0.103804232856	0.0406201337468	0.00421878634949	-0.0490990858947	-0.0686815661239	0.00241632719223	0.00852313997672	0.0292217833729	-0.0430940581336	0.0106966851579	0.000893276914474	0.0194780150717	0.0173671173331	0.0195049176364	-0.043635882252	-0.00445575305091	-0.0257418588954	-0.0406769822754	0.000556145580556	0.0509951778827	0.0510580157323	-0.0540213533314	-0.0506091173716	-0.0453302369562	0.0575151603664	0.00285126487057	0.00303333709358	0.0216216078271	0.0350304248146	-0.0298959575836	-9.37437425441e-05	-0.00860766281429	-0.0127247511366	-0.0838280661207	0.0202054771267	0.0557287016216	0.0204020274947	-0.0227014092551	-0.0406651977929	-0.0101731083753	-0.007174575706	0.0287526678541	0.0156511903878	0.0225211398897	-0.0205944509835	0.0104862028885	0.00863570604979	0.00751914630444	-0.00195509534251	0.0064040307329	-0.0
SAMPLE_112508	0.408533453314	-0.150288593687	0.125070361904	-0.0663384398101	0.071995068366	-0.0190180320855	-0.0651941932816	-0.081507968085	-0.08390387555	6.51888806535e-05	0.0375908422188	-0.0286536543794	-0.0129433747464	-0.0390067978448	-0.0506404191611	-0.00309032271265	0.00571510934208	0.0296084063471	0.0283630697485	0.0515605407171	0.0450396930862	0.000255125794913	-0.0278267711776	0.00557644832468	0.0010844718569	-0.0474298679606	0.0570009638942	-0.0139684216344	0.0531214103721	-0.043001751598	-0.0408686877269	-0.00853690443169	-0.0381906974204	0.0076860123315	-0.0294757755498	-0.0354033422935	-0.0294370450115	0.0218017885065	-0.0444442853015	0.0349220095727	-0.0305834312454	-0.0682009274321	-0.016144877528	0.0280586380888	0.00799337593896	-0.011817686789	0.00507896480154	-0.0181936418694	0.0501546473409	-0.0118954714256	0.0106769367018	0.00589942512551	-0.0189710100105	0.0360399294225	-0.0249809779658	-0.0435498304432	-0.0148360446631	-0.0249689727519	0.0282787386624	-0.00792729367941	0.0317197735662	-0.0422055895175	-0.0394487725199	-0.0
SAMPLE_112525	0.25190156078	0.0633656980526	-0.0382681734363	0.098557437364	-0.111749824545	0.0452954581609	0.0513442101563	0.0856477950694	0.0186860019607	0.0502944939303	0.109170078667	-0.0235828615161	-0.0317636796379	0.0449351179818	0.0275709804723	-0.0889453231776	0.00689126115944	0.0732924244409	-0.0205029139291	-0.0296043740389	0.00935720008701	0.0823044877176	-0.00602021664042	-0.011401362909	-0.0206099458118	-0.0450719115018	0.0364141370802	0.0100321883513	0.0507654761404	0.0227089917759	-0.0355647501104	-0.0680822165334	-0.0143723985295	-0.0302661939033	-0.0475453291971	0.0192290275825	-0.0328422925123	0.0510537652048	-0.00427828406707	0.020146244399	-0.00469753473133	-0.0215205681047	0.0172627882829	-0.0321109712244	-0.0167503088537	-0.0434506893176	0.00960711454961	0.0117205999802	0.00895653902136	-0.0252633710717	0.0630271497418	0.0193629091314	-0.0178687040401	-0.0252236576225	0.0156018287734	-0.0247847329736	-0.0474463323401	0.0200570192218	0.00957006181134	0.041903151155	-0.0107028221471	0.0197218180996	0.0307004327072	-0.0
SAMPLE_112524	0.147173664785	0.134729188811	-0.00276816803302	0.0525440028018	-0.198574889486	-0.00137558062762	0.0100011967356	0.0322366810335	0.0322030500035	0.114727260452	0.0775320714256	0.0558401847005	-0.0162044172882	-0.00932134665713	0.00177404944962	-0.027469979105	-0.00866160852557	0.0178735330171	0.00509410611506	-0.0190541232985	0.0273410747373	0.0340025131503	0.0346904523691	0.0650262297103	0.0110204521084	-0.0554461104189	-0.0314155089403	0.0287910942307	0.0352489188176	0.00697700587705	-0.0274002474815	0.0133292094264	0.0264480024321	-0.0212025420558	0.0976086729197	-0.00830773813701	0.00526137796534	0.0139854247205	0.0325544148733	-0.0212961508194	-0.0363809780979	-0.0193591238107	-0.00733295833559	0.0252333029114	-0.00353190106587	0.0292143080945	-0.00324466509196	-0.0355692454818	-0.0549730741584	0.0526644942449	-0.0343968592978	-0.0135510718241	-0.0071784982039	0.0531262040327	-0.00133836653305	0.00154295183428	0.026023064343	-0.0162448994575	-0.0104418814061	0.0148247803683	0.0620063109524	0.0131891862383	-0.0103674477722	-0.0
SAMPLE_112523	0.320367490936	0.0259244494993	0.0189817248737	0.0922470105179	-0.0716983152599	0.0228061524613	0.0840475549335	0.0259970320022	-0.00240361575884	-0.0929002974748	0.0448254860909	-0.0218931485105	-0.0229958175824	-0.0250564303601	-0.0186917647654	0.0214960819312	0.0706869709648	0.0259234535087	-0.0109549594242	0.0656770132123	-0.0591371122692	-0.0683812451416	0.0461097528737	0.0903178390483	0.0400784278647	0.0833086474557	-0.0509938811854	-0.0377319754161	-0.067387256235	0.063665089396	-0.0120131057054	-0.00995217498063	-0.00207944737489	0.0108994908628	0.0487480578531	-0.012284197937	-0.0216189917731	-0.0544179874749	0.00122633231485	0.0429012561228	-0.103330944553	-0.0186381314788	0.0257559039495	-0.0153207708233	0.00628287892041	0.00664584964316	-0.0220392168153	-0.00750760290484	-0.00600295421046	-0.0243905550581	0.049824244747	0.00520545785115	-0.000671983601219	-0.0346931165338	-0.029662677802	-0.00987915688891	0.0125998090755	0.0352414667193	0.00132703344175	-0.0101770113921	0.00300625923799	-0.0129525552918	-0.00803915858326	-0.0
SAMPLE_112522	0.493100166464	-0.190462810632	-0.0533290384601	0.0651913002961	-0.0670962559228	-0.0704247957247	0.0155835451826	0.0359934367643	0.0377961817819	0.032095181452	0.0307715642002	0.0431663912113	0.0460909496652	-0.0158328788841	0.00939090310914	-0.0274273107798	0.0379474453978	-0.0539344510035	0.0518199923582	-0.0378533262218	-0.002765819101	0.0311862979358	0.0351157397418	-0.00468149238185	0.0605897656111	0.00168540193746	0.0467584572722	0.0339303467149	0.0192188738115	-0.0604641521604	-0.0432349404272	0.00742726762072	-0.0370609078715	-0.00966669586095	0.0933096208949	0.0499785584671	0.0369934494174	-0.0149982022348	-0.0257791884245	0.0732072181455	0.0857430648549	0.00619522989298	-0.00369873088896	0.0485198458159	-0.000971735708981	0.0251273900313	-0.0237451494035	0.00437474479809	0.0170440449138	-0.0301375645819	0.00425787684743	-0.0156483793916	0.0430365642164	-0.0125247781398	-0.0160306964815	0.00568218384234	0.0173803754177	0.0146722625334	-0.00705387946827	-0.00292270642268	-0.0523603002262	0.00340890773305	-0.0141280446209	-0.0
SAMPLE_112521	0.486333914097	-0.239026773245	-0.0208302059374	0.0356627451526	0.0559592446285	-0.0852449506053	-0.0281966189691	0.164846560871	-0.0376561250804	0.0189735207135	-0.0705651237593	0.00902711603739	0.037049050471	-0.0162463725649	-0.00438821839517	-0.0193793514537	-0.0090934880229	0.0253673054274	0.0131380299815	0.00124890437799	-0.00542815767169	-0.0692918397659	-0.0219523494401	0.0808867899999	-0.0129741929009	0.0576455516898	0.00617859674116	0.0629663792464	-0.0448209327826	-0.0585715687191	0.0184117673639	-0.00724693711105	0.0440347990253	0.0174566576042	0.0203490319844	0.0152507904552	-0.022230805552	0.0250462367804	0.0257150414362	-0.0446811623248	-0.0209502393244	0.00817660106901	-0.00207878391763	0.00919307601463	0.0261512058914	0.00608637444005	0.0349831978047	-0.00467006637808	0.0462548946224	-0.0438829046497	-0.0429240468564	0.00915511394479	-0.0397804354694	-0.000652513647185	0.0543247300423	-0.00540384885973	-0.0333196653471	-0.0108456264368	-0.0292706952659	-0.000110427789443	0.0206458846359	0.0168570649499	0.0197771169574	-0.0
SAMPLE_112520	0.203863503324	0.125060911092	-0.448552553179	-0.0598888762583	0.0499771809569	0.0111024316647	0.0138625676644	0.0184012888537	-0.0700557264346	0.0537641681199	0.0117757842303	0.0312449374084	0.0522088129407	0.0220289250186	-0.0158447850504	0.00851560608226	-0.0575184789537	0.0285304318802	-0.0412979567076	0.00272642745371	0.0281598501125	-0.0138154703902	0.0555672742871	0.0259296075871	-0.0172008167245	-0.00916649419837	-0.00815023482561	-0.00509997411092	-0.0109766082194	0.0139668826123	0.0146104001442	0.0135721222868	-0.0146283830522	0.072061983329	0.0145645645446	-0.0617625189944	-0.0170006464216	0.00302908643414	0.0373634439434	-0.00558164199996	-0.00296384104715	0.0354370986852	0.0290466928342	-0.0135432666033	0.0300257303747	-0.00786478866472	-0.017609210394	0.0408557825201	-0.0260959606072	-0.0127133519837	0.0254376040747	0.024219929866	0.0328460145876	0.0410297211504	0.00392581739021	-0.0103246626129	-0.0216877230187	-0.0492481932183	-0.00423906437897	0.013034546159	-0.0385520856398	-0.0321551153946	-0.01451370993	-0.0
SAMPLE_112501	0.00925675978764	0.134616020312	0.027151027432	0.0887931395277	-0.0277900160893	-0.00398965497227	-0.145988229935	0.0101294169772	0.0104969332543	-0.0349636479206	0.0354200917183	-0.0618845178976	-0.0384764706427	-0.0198790120869	0.0102878916366	-0.0434737902513	-0.0240847001228	-0.0349692941862	0.0124627804008	0.0118562674766	-0.0279624366099	-0.022560466988	-0.00925778856428	-0.0733783136948	-0.0730560485775	-0.0138120320761	-0.043671892193	0.0512983550551	-0.00206912498567	0.0333241476798	0.0195337055391	0.024221135133	-0.017007875327	-0.0397187241533	0.035525794601	0.0574669156128	0.00411189910169	0.00880475183396	-0.0151576803107	0.0493937533369	-0.0526939303736	0.0839962445713	-0.0406345761265	-0.0256178843784	-0.028782040497	-0.0325960219479	0.000965569881586	-0.0446631513777	0.0302535491124	-0.0225076724552	-0.0411050620889	0.08379442388	0.0242099517133	-0.00402862834798	-0.00922132096087	-0.0195029549083	0.01336567233	-0.0406886046436	-0.0181713944984	0.00115774433126	-0.0111945660555	-0.00809425061641	-0.00769841171932	-0.0
SAMPLE_112500	0.160655614451	0.0707626601115	0.0800666188714	0.0836247103731	0.056901627726	0.101800951908	0.0247931324394	0.0330097935827	-0.071356221305	-0.0258050740361	-0.0415727054224	-0.0708142534442	-0.100333049225	0.0214466617689	-0.0507824984744	0.118899881268	0.00688374095728	0.0645858035762	-0.00525463968413	0.000784702862769	-0.0350454332255	0.0722585095819	0.0243692577456	0.0047007881965	-0.0455842444898	0.0222325226849	0.0072744911969	-0.0626966476611	-0.000215855908507	0.0342293834718	-0.0345039128132	-0.0347328820725	-0.0886317502089	0.0322123747728	0.0328388997834	-0.0155230885463	0.00726556318414	-0.0435281176045	-0.00174150824844	0.0423851469972	0.0202512873994	0.00696028058625	-0.00210471881905	0.0533166451359	-0.0318139738809	-0.01861100486	0.0103256826318	-0.00783347883802	0.0320467133554	0.0352511971894	-0.0391032391828	-0.0222376182178	-0.00163563650382	0.0341023832897	0.0596671930543	0.0482534973913	-0.00892633855337	-0.00905584015284	-0.0196517587544	0.0139486190101	-0.0106124844219	0.0012163370442	0.0115493687144	-0.0
SAMPLE_112503	0.025692917529	0.138368684908	0.0747007475628	0.0162314238927	0.0947366946174	-0.0439570241699	0.0802521728466	-0.0676328969941	-0.0199926352307	0.0348155407605	0.0308226319934	0.129016117878	-0.0217172026705	-0.00874803165151	0.0317847134293	0.0740800894352	0.0496241336786	-0.015623668432	-0.00477753905407	-0.0276133310959	0.0419880521987	-0.0619753791314	-0.0077158343758	0.00639046507284	-0.0667438909796	-0.0238274294874	0.0455320376416	0.0209556103957	0.0467546439678	0.0551671175408	0.0463119852495	0.028699113701	0.0401072185402	0.00737668755508	-0.00138187365855	0.0787153784675	-0.0129000569533	0.0411993617826	0.0291477313254	-0.013199434311	-0.051669771379	-0.021064718591	-0.0288731635993	0.0147315518645	-0.0666298649012	0.0234631756801	-0.0202400691517	0.0327297512178	0.00547338731377	0.00202936444056	-0.0197498581396	-0.0283970726973	-0.0106240756128	-0.00881931457347	0.0388991332098	-0.018269841854	-0.0142974908441	0.0423103359259	-0.0167060776002	0.0115004295646	-0.0388522140633	-0.0219174588812	-0.0248196621114	-0.0
SAMPLE_112502	0.013625555767	0.166612142498	0.063251267443	0.0906278534628	0.029461933304	-0.030191499347	0.0324277664484	0.00109577071803	0.0126487725012	0.0374163649237	-0.0174558461878	-0.111695109539	-0.0321906597266	0.0297655496101	0.0294720114586	0.0833231921851	-0.0437512862771	0.0318382699636	-0.0307323175773	0.00917819153452	0.078668241799	0.0175422415818	0.01534601485	-0.0038905802982	-0.0030820789624	0.00804073436986	-0.0184510660145	-0.0210242298271	-0.0173796135018	-0.0694519232595	-0.0204638409152	0.00748387571909	0.0256513072249	-0.00550233369491	-0.0225026939185	0.0363609983128	0.0414591466213	-0.0403108098088	0.0275661397996	-0.0137646378387	0.0287020782857	0.0468158524498	0.0388052644957	-0.0309212942464	0.0104327185049	0.012096779734	0.00182574842179	-0.0324219242896	0.0026103584697	-0.0167994177304	0.0223512636696	-0.024226068264	0.0459886629707	0.0175286908534	0.0270245918918	-0.0836664908108	-0.0205294869774	0.0281227263867	0.00343991829196	-0.0441128598302	0.0149367137287	0.0315711710965	-0.0293918152958	-0.0
SAMPLE_112505	-0.128255491483	0.0868333291009	-0.00198408913494	0.0644266364618	-0.00358878254412	-0.149980755439	-0.121338247748	0.00048363941992	-0.0306935486322	0.0195891373883	-0.0506374653113	-0.00171011735354	0.0537266485597	-0.108998787656	0.00185715425883	-0.0258106602864	-0.0068497545674	-0.0203904937758	0.00870579611366	0.127892598795	-0.0346291399343	0.0343600317463	-0.0444858210539	0.00386023649774	-0.0282615621239	-0.0218253147496	0.0063203571393	-0.00821646300252	-0.0397647044794	0.00752784636862	0.00807693292552	-0.0510463698025	0.0140772093276	0.0264401159621	0.0250993868611	-0.0157811220263	0.0016502101043	-0.0094209878326	-0.0737780615114	-0.0130312073833	0.0179502931554	-0.0112646728416	-0.0272743761448	-0.00317070965334	-0.0496688236487	0.0208329981798	-0.0200743742263	0.0455895628326	-0.037825688207	0.0208559772386	0.0454601474063	0.0353003648202	0.0140557552577	0.0126745498999	0.0170976760019	0.0431850460623	-0.0540984443788	0.0250405297181	-0.00298274662284	-0.0045067197027	0.0113708163835	0.0336498737036	-0.0234303152455	-0.0
SAMPLE_112504	0.0215010348763	0.106689570434	0.0876596609931	0.0249115737674	-0.0429259409365	0.0805554404213	-0.131101018874	-0.0203334235661	-0.0604522107198	-0.0121716906317	-0.0457891911813	-0.0261305767338	0.0318274589442	0.0536055773977	0.152492813017	0.00634161810387	-0.0509722026461	-0.0707542024868	0.0263484136206	-0.0249458621565	0.020183151979	-0.0150923099468	-0.0220876289102	0.00171745550194	0.0135736026042	-0.0535958076551	0.0372405811169	-0.0122544660547	0.0248013169605	-0.0631102072839	-0.019687664201	-0.0347345451205	-0.0278238745574	-0.000712771962923	0.0170839610931	-0.0416567409293	-0.0119348272555	-0.0526585138421	0.0373257177195	-0.0292735243035	-0.0781910708411	-0.0186702802373	-0.00282417820101	-0.0116347274726	0.00905163441796	0.0664000148758	0.0211200216566	-0.00975203148437	0.0235318769399	0.0218708865875	0.0460479227912	-0.0253206951759	-0.0311893855712	-0.0240143869694	-0.0160018547321	0.0173973211424	0.00313931854702	-0.0259930473166	-0.033859939925	-0.00830364603207	-0.0440861003864	0.0147939384174	0.00456986920212	-0.0
SAMPLE_112507	-0.0187303895106	0.103939835288	0.122316765231	-0.0104015433667	-0.0753242401911	-0.0163928016301	-0.163291128267	-0.0297885904634	-0.0550075147182	0.0234334859156	0.0618567780628	0.0184437392879	-0.0198986639161	0.0224058002425	-0.0278267218561	0.0122812033967	-0.0847671423722	0.0843803204954	-0.0197593548076	-0.0388308998452	0.0793574531082	-0.0690805720459	0.0108164147972	-0.00737967870273	0.0114163942903	-0.0155387773997	-0.0118419379754	-0.0638043722779	-0.00572013568288	-0.0484987700933	0.0314164440985	0.0152638244735	-0.010550583008	0.0667920711185	0.0222946148674	0.0248707742826	-0.0110054534442	-0.00783280213144	-0.0180733376309	-0.00475771309548	-0.00499041928745	-0.0255912242495	0.0164318229747	0.000195065049669	0.0441718907549	-0.0309665553106	0.0132661707084	0.0411656678289	-0.0110412651476	-0.0522193151072	-0.0420473974735	0.0272066905029	0.00139122383283	-0.015168555311	0.00402961292709	0.0434364639415	0.0442948321445	0.0438832991747	0.048331043643	0.0157158315707	-0.0115192841889	0.0218853418896	0.00206833801018	-0.0
SAMPLE_112506	0.263529424887	0.0151747818002	0.0205869350546	0.0521566812529	-0.0236685713402	0.0545014315247	0.0507912470258	-0.00288672339552	-0.107530821233	-0.0666437737673	-0.0225614621921	0.0115653143242	-0.13099902003	-0.0241567288972	0.139002568659	-0.051405469773	0.014931677749	0.00265000266961	0.0294712286899	0.0106898746002	-0.100343890829	-0.0114710735999	0.0431262252642	-0.0622737013305	0.0487876350629	-0.0378326349239	-0.0142408254959	-0.0306217215753	-0.0465530402536	0.0132414812088	0.00662303575631	0.0376304439078	0.0159945323621	0.00714403412914	0.0198598737864	-0.020217321558	0.037470273413	0.0678811593128	-0.0227744028456	-0.0739277451114	0.0666887752081	0.0220148873037	0.00583289223667	-0.00771159315944	0.00914926341024	0.00611379006321	0.0355977360269	-0.018563641343	-0.0320113106145	-0.0156339761275	0.00362242108411	-0.00334858838914	-0.0447153053082	-0.0141556860325	0.0274638921309	-0.00323457363132	0.00443880747667	-0.00615968747021	0.0291209694579	0.00748090282955	-0.00377151183988	-0.019336678303	-0.0293288443067	-0.0
SAMPLE_112488	-0.18949327978	-0.00325416932961	0.0171116547974	0.0269525271848	0.0898914112199	-0.0483861102258	0.0261832963307	0.0640351915948	0.0655226844851	-0.0126263773741	-0.0307913528674	0.0124531761212	-0.0811898689057	0.0488686175689	-0.0112747893233	-0.00724524486723	-0.0557448499214	-0.0194701764428	0.0996919623425	-0.00119449893015	0.0688504066307	-0.0993285555044	0.0597841217893	-0.0131676635168	0.00677917500917	0.0193914505761	-0.0188277677147	-0.00635379495138	-0.00724451318667	0.0462387771717	-0.0653693774743	-0.0550868024523	-0.0512273374619	0.0351926662786	-0.00375428531861	-0.0335534096781	0.0572735725901	0.0492582161392	-0.054151593479	0.00565633434407	0.0126768158355	-0.0782435671886	-0.00545099130587	-0.0614722830883	-0.00432250273316	0.0195169279801	0.000719059766539	0.00564953411155	-0.0328270399251	0.0119706185593	-0.0535297576078	-0.00712369246068	0.026337927787	-0.0243021489492	-0.032629344677	-0.026358659435	-0.0257523125573	-0.0166467917497	-0.0296279684891	0.0129974481339	-0.00150050043731	0.0116091946556	0.00615187912379	-0.0
SAMPLE_112489	-0.18256819327	0.0298479510752	0.030038012877	0.0216820267314	0.00604641399978	0.0244211785563	-0.104543092434	0.0687863553859	-0.0254300594617	0.0193150444552	0.00875204985503	-0.00709052177668	-0.0411943062432	-0.036964869345	-0.0848461652939	-0.00158321356535	0.0239429868724	-0.107221662486	-0.00914787308283	-0.0445661934984	0.0144448123587	0.00520825717903	-0.0117163991927	0.00455790044867	0.0897296782049	0.026165495213	-0.0134821110427	-0.0222135990198	-0.0114236774208	-0.00697321118174	0.00102847116909	-0.108361268383	0.0614840472263	0.0168958860854	-0.00975456946531	-0.00456144559835	0.0470456250628	0.0277626080948	0.0556109127269	0.0491094093422	-0.0155491830728	0.022828958356	-0.0308873812566	0.0520736770523	-0.0263733587393	-0.0108985662791	0.0392052873217	0.027963207144	-0.056233912118	0.0159173374722	-0.00158886203512	0.00685231562749	-0.0325889733478	0.0154712783122	0.00760002189143	-0.0396680230684	-0.00500721625828	-0.00241497679859	0.0375224989503	-0.0380161539595	-0.0237760321545	-0.0234005614699	0.0216750713575	-0.0
SAMPLE_112533	-0.102448611688	0.0342519373845	0.0100740602604	-0.174195587661	-0.0653844410435	-0.104853242467	0.0683944208132	0.0202192385948	-0.0691335072236	-0.121802265055	-0.0756242874054	-0.0319174654932	-0.0347122133723	-0.0639674585888	0.0571431074644	-0.0395109615334	0.0200121931351	-0.0775985037136	0.00818718669878	-0.0884157600225	0.128897057496	0.0502202368274	0.0281748168547	0.0737524415418	-0.0522440333132	-0.0455685848469	0.0080829306008	0.00463754671674	-0.0651288832886	0.0748496085972	0.0559789941891	-0.052546878091	-0.0391028634097	-0.0544176162552	-0.00804365996595	0.0145125278414	-0.0589120358594	0.0123481446046	-0.0209174622662	0.0307288921651	0.019160704635	0.0068233515068	0.0198493636193	0.00541394267359	0.0500056742987	0.0106460413548	0.0167960863343	-0.000930816312398	0.00569557941088	-0.007242199524	0.000859096221357	0.00253959260372	0.00747819280708	0.0289112774253	0.0030065457239	0.00405461983469	0.0182638619383	0.0127034736247	-0.00149658036338	-0.00766228439362	0.00413899966793	0.00149162336295	-7.73276329418e-05	-0.0
SAMPLE_112480	-0.297271234241	-0.162056451509	-0.0749994492006	0.0766860862971	0.008563523044	-0.0364420188187	-0.0246302452737	-0.100387025902	0.0131266614685	0.039304926515	0.00839449959548	0.0388576238868	-0.0506045128676	-0.0929896367552	0.0461288009168	-0.0439942774753	-0.0389932119839	0.0219277383137	0.0274282534878	0.0474580246077	-0.0436472950101	0.0535940806369	0.0074766095673	-0.0314046199162	-0.00253857309635	0.0704576698049	-0.0184504315002	-0.0430627111681	0.0382784029412	0.0267329853531	0.0630856719361	-0.0872806962059	0.0460348169954	0.0270417965095	-0.0296689575699	0.0641947774675	0.0246295315516	-0.044664725031	0.0188304615937	-0.00918373186835	-0.0144083038611	-0.0455455458043	-0.00155854894293	-0.0120065488301	0.0568951000509	0.0517478638738	-0.0190781249388	-0.0495778320548	0.0235855606715	-0.025286317088	0.00320816992775	-0.0221784201023	0.0312160861413	0.0358697131206	0.0211509852187	-0.0105935080256	0.0233464905674	-0.0187969726054	0.0073116920107	0.0378657516466	-0.00874581131838	-0.0094416958859	0.0159585596824	-0.0
SAMPLE_112481	-0.229724157117	-0.0578828178256	-0.00880222389487	0.0871125886041	0.038844268167	0.112601698335	0.0577337868148	-0.0311966116569	0.0764417621751	-0.0144945952458	-0.0970698257394	0.0116558057241	-0.0482372369536	0.0623832665168	-0.0245046979085	-0.0369522922132	0.0151013750045	0.0449359942489	-0.0496389559635	0.0530169434977	0.0689024233152	-0.00161849063127	0.0255798068899	0.0770582219641	-0.000710131085853	-0.0126881093215	0.0520496064461	-0.077847900068	-0.00654722875382	-0.0311661591192	-0.0502680432944	0.0481289605721	0.101314634678	-0.0385520001832	0.00125163102859	0.0672009100407	-0.00309290951016	-0.00319931766659	-0.0291442802402	0.0526045029292	0.0296598679059	0.0164774626039	-0.0274809292267	-0.0328902576029	0.0127268145195	0.0564584132195	0.0124522146282	0.0335555611123	0.00687586418663	0.0141635608368	0.00961830392482	0.0596817534134	-0.0424164071261	0.0180475323601	-0.0130331223395	0.0228897838695	0.00662873360565	-0.0250971142098	-0.00412885610846	0.0072883773658	-0.0075037810842	-0.00592686924732	-0.00212410826931	-0.0
SAMPLE_112482	-0.278049026721	-0.0834678308803	-0.0262071593903	0.0547131140406	-0.0285854086899	0.0535086903503	-0.0781480561794	0.00805506392139	-0.0429803771076	0.0501496925545	0.0136147198271	0.047087224953	-0.0452086478325	-0.0269963329363	-0.0705557447973	0.0186465426867	0.0192325324859	-0.0235663450808	-0.00830375598528	-0.054749781256	0.0142790957696	0.0240215176937	-0.0146496273604	0.0612337676577	0.102195256493	-0.00964812344897	-0.00679551293244	-0.0132311836632	-0.0134463994201	0.0176102055503	-0.0192353560874	-0.0172878760388	-0.0185475221838	-0.0798041363059	-0.0339059874654	-0.0240164727245	-0.0592494677352	-0.07126903953	-0.0453417569343	-0.110267475411	0.0241704725196	0.0207103709755	0.0520213732119	-0.0186670131258	-0.0651683633448	0.00689826733153	-0.067423087173	-0.00117264007902	0.0240144541829	-0.0233880872582	-0.0432318520685	0.0230252605392	-0.00307524987306	-0.0152526481878	0.00115419527175	-0.0185643263167	-0.000487667297534	-0.0069346755048	-0.00746450299317	0.0103666032469	-0.0117074517508	-0.0104409244192	-0.00909144121348	-0.0
SAMPLE_112483	-0.28904628118	-0.162251700214	-0.0243097683726	-0.0648794742655	-0.0725894813408	-0.0179401954096	0.00274695247511	-0.0807191342139	-0.029929770369	0.0121657473895	0.0406673041503	-0.00721178948454	-0.00291086053545	0.038311760016	0.092398457575	0.0414079287009	-0.107728371437	-0.0486541831104	0.0311207661437	-0.0258460029948	-0.100311042926	-0.057563260431	0.00737442829137	0.062979424662	-0.0458962070373	-0.0289839742959	-0.046350944185	0.0493731469548	-0.0376883302707	0.00175146861823	-0.0881376635928	-0.00172814951122	0.0238142012803	-0.00388420709268	-0.0278478451861	0.081713848297	-0.0112160474505	-0.0659710199334	0.0217775356412	0.0337255669588	0.0353404665457	-0.0472350351841	0.0276796635138	0.0246894917153	-0.00315165043197	-0.0735603553243	-0.000238951119113	0.0461005579848	-0.00736696065309	0.0319127109125	0.00988599666728	0.0117216095839	-0.00567033767176	-0.0110173515576	0.0219738889636	-0.00731442880746	-0.00847975211057	-0.0163422257765	0.00241241836367	-0.00534848045687	0.0155363192239	-0.0122021289961	-0.00465080256832	-0.0
SAMPLE_112484	-0.247941124813	-0.027918606003	-0.0366635222572	0.0496966745065	0.0829890970666	-0.031962486141	0.048337526217	0.0361964817961	0.0895905298736	-0.0381572740576	0.0226788426919	0.0473501745626	-0.0395737433873	-0.0287219342008	-0.0195208521486	0.0507722216882	0.0633550294946	-0.0526471681652	0.0472954641534	0.032132753341	0.0244702949865	-0.00269117373885	-0.00602091969295	0.0100951175402	-0.0472187603562	-0.115097645405	-0.0364952953631	0.0125864088829	-0.0124305838934	-0.058201923988	-0.0706180133271	0.0382218469222	-0.00154149914311	-0.00344014749756	-0.0587122303288	-0.0367333417589	0.0112447591135	-0.0117511550503	0.0488168817918	-0.00456415324898	-0.0262229716031	-0.0120205739835	0.0138034525366	0.0283870097913	-0.0127047313835	0.00155953331797	0.00812724808336	-0.0696206378568	-0.0434460165278	-0.0909473396504	0.0180591602132	0.0129438516088	0.021896853225	0.0084729375127	0.0155555171272	0.0599730582341	-0.00385706479439	-0.00117308929679	0.015959740593	-0.000548804884545	-0.00277521396848	-0.00714920226959	0.0142308209784	-0.0
SAMPLE_112485	-0.211869716499	-0.0121101353865	0.0131586762468	0.0531064259724	0.107842350156	0.0357570456847	0.0920087364393	-0.0249672320586	-0.0643516328122	0.120837904548	-0.0490837798511	0.0332924002503	0.0195565656735	0.0207207440243	0.0197791167196	-0.0624675040097	-0.00975079161527	0.00191943975775	0.0134308794955	-0.0313689645529	0.0153718698235	-0.00384128918735	0.0735666075354	-0.0498180861498	-0.00321030126274	0.00656272780514	0.0363898760038	0.069665186653	0.00600561139919	0.0680539358715	-0.0240212902545	-0.00166212246941	0.0407887505518	0.00462601207462	0.0360716326342	-0.0372387659833	0.0135673999229	-0.0232165141701	-0.0618149895278	0.00894111997447	-0.0407495975287	0.00462795802907	-0.01001429128	-0.0201586119543	-0.00520433712038	-0.0564554602864	-0.0458516364122	-0.00616209699125	0.033454158894	-0.0327436284867	0.0166660580122	-0.0266873242587	-0.0289188104984	0.0257397499262	0.00937602125482	0.0270997227163	0.0231401249483	-0.0125957561584	0.0346999933717	-0.0671219179916	0.00188972371383	0.0301156581227	0.0111940292313	-0.0
SAMPLE_112486	-0.209143241213	-0.0501590761398	0.0386868493112	0.0087254081505	0.0349623845614	0.163543607822	-0.10014647238	0.0445527849945	0.0113754274339	0.0480291207631	0.0505254912586	-0.00182281160791	0.0635588955725	0.0256452608499	0.0230910016027	-0.060174925043	0.0706202574016	0.0164295282768	0.0486955052402	-0.107655659294	0.000136494569221	0.000911128051004	-0.0186415769542	0.0172609757922	-0.0191575972362	0.00960091231426	-0.00950535888177	-0.00744636500795	-0.0972534450717	-0.0188536048877	0.00667515428283	0.0422135934652	0.0244006751322	-0.0021739215238	-0.0514024430307	-0.010888915325	0.0664597469967	0.0144538705746	-0.0848289192857	0.0189352652842	-0.051115819201	0.0301793102828	-0.00427801202944	0.0251859861742	0.0587751572421	0.000290431391734	-0.0198079695186	-0.00849676310784	0.00255602774195	0.0412163610875	0.00684687716873	-0.0310865896521	0.0416804455388	0.00731172414226	0.0202620987461	0.0125385841624	-0.0359405474671	0.0268115456628	-0.00724696912886	0.0251671249217	0.00718933580788	-0.0244281387519	-0.0119361731231	-0.0
SAMPLE_112487	-0.268323212329	-0.079350473439	-0.048259469684	0.0486482504667	0.0401316793785	-0.0396000470036	0.0445061774933	-0.0581294039385	0.0189207618524	0.0591501123414	-0.000561764351328	0.0487770072364	-0.0138544085376	-0.0484395379394	-0.0293699610666	-0.023614327364	0.121439389891	0.0327311114747	0.0299563266376	0.0185684551869	-0.0135988273552	-0.0358273875347	0.0237437703595	0.00402750264194	-0.0548210872391	-0.0584970971387	-0.0612750432201	-0.0287052166129	-0.00431025189354	-0.0361350219752	0.0277756372855	-0.0344781381002	-0.0248492294081	-0.045771808634	0.00869181376501	-0.0877879345136	0.0402981007415	0.00417621768041	0.0597889747115	0.00706739361424	0.00232815477657	0.0205865747309	0.0102421442595	0.0129220581101	0.018378230704	-0.0137937745675	0.0362585091476	0.0609867529627	0.0745168459686	0.0479325422336	0.00385548610411	0.017727759776	0.0081758098219	-0.0441502242602	0.00803049783442	-0.0282107278153	0.0384155612329	-0.00851525386291	0.0113356475784	0.013986293715	-0.000163204652617	0.0374091806704	-0.0128020101472	-0.0
SAMPLE_112479	-0.277235178914	-0.166715999249	-0.0340925530432	0.0685811124838	-0.0123720086921	0.0768534815152	-0.0928898722218	-0.0429493059521	-0.0494920730486	-0.0152946529894	-0.0111569762263	0.0241478575174	0.0822229000284	-0.081337385887	0.06583812432	-0.0328753408109	0.0588468662433	0.00517652125779	-0.0248247004238	-0.0357232775095	0.0413858430031	-0.0526082587062	0.00227864343871	-0.038113519627	-0.055930089519	0.0510453059757	0.0214184409282	-0.0956265591951	0.0520823680375	0.0661774646161	-0.0731750830666	0.0513509476867	0.00103329254076	0.0112512612933	0.0535186332311	-0.0358168806255	-0.0689582537186	-0.0175324758333	0.0612792360032	-0.0048958245757	0.0576788985596	0.0138960330397	-0.0335932434715	0.00339860142341	9.63003935378e-06	-0.025481171309	0.0293632344651	-0.030666756947	-0.0210794679946	-0.0108461204444	-0.00878999070571	-0.00733375028002	0.0133989559958	0.000695722593558	-0.0222468171585	-0.0233164617109	-0.0377201989179	0.0295330054809	-0.0111779825671	-0.00690841894117	0.0162060880124	0.00312095605868	0.0147027906661	-0.0
SAMPLE_112478	-0.29706123233	-0.106626861269	-0.0398165356212	0.0590255364249	-0.0103614715658	0.043396391585	0.0284420188328	0.0149238671668	-0.0431624875932	-0.0053757840259	0.0243742959597	-0.0311115666925	0.102192204855	-0.0612619660203	-0.0519297281229	0.0413894605988	-0.0188111047672	0.0297023442636	-0.0571051346246	-0.0112345689763	-0.0290482383132	0.063432820757	0.0770247525152	0.0415340732853	-0.00625115555179	-0.0173582590994	0.0241708898207	0.0590200963126	-0.05821452145	-0.000509969431428	0.0118256578657	0.0555509539962	-0.0520520483123	0.0644302054036	-0.0530607996101	0.0305448520121	-0.0471593764012	0.0152323541905	-0.0304170403069	0.00129766542481	-0.0114427539636	-0.0262196011374	-0.0658119660696	-0.00724182617287	-0.0280714937573	0.0464341259566	0.0507272259687	-0.0388014162166	-0.0298416794747	0.0220030902185	-0.0128082007362	-0.0139725753731	-0.000590113747228	-0.047711431258	0.00238597220021	-0.0327205483114	0.0244582891711	-0.0259388924707	0.033023397567	0.00210051503699	-0.0194101350239	0.0302989842193	-0.00392052399702	-0.0
SAMPLE_112538	0.180286675075	0.122470320603	-0.368139767805	-0.133452157401	0.0750221799178	0.0815608223884	-0.0465459083844	-0.0867999582664	-0.00921852399782	-0.0538117962079	-0.00936098031949	0.0142533762308	-0.02259327646	0.0217685006558	-0.014176266035	0.0328174038382	0.0238950419317	-0.0256361364779	0.0890572910033	-0.0416101769859	-0.00444441993036	-0.086427663278	-0.0236797578137	-0.0124073921997	0.0232496255156	0.0432703474732	0.0644585709715	-0.00709126988701	0.024557986834	-0.0331144770971	0.0352641701899	0.00130669769184	-0.024354814593	-0.0193257071538	0.00714360696705	0.0329239578236	-0.00278409133428	0.00140606052655	-0.0334029782257	0.0290760573342	0.00708190548114	0.00236863389536	0.0221743009136	0.0160017090703	-0.0493502282983	0.0306622772603	-0.00963759445488	-0.0452534294899	-0.00792853243248	0.0229074200154	0.0347883211051	0.0239458117875	-0.00796865324697	-0.0126677214604	0.0305680656309	-0.00785546960265	0.0156015952116	0.00815683960998	0.0259513101566	0.0100777940975	0.0464614024753	0.0344672340458	0.0198397044983	-0.0
SAMPLE_112527	-0.188297204088	0.0315246723683	-0.000558603406432	0.0179084199246	0.0940690042744	-0.0630292139993	0.04727514743	0.0382866612001	0.0506877017609	-0.0135029216871	0.0100044359125	0.00860427639946	-0.0994973785613	5.86577290268e-05	-0.00281078723878	-0.0558295052035	-0.0718123467753	-0.0607452405981	-0.0791558147582	-0.0125039653112	-0.0379253333295	0.0380129204987	-0.0984125744766	-0.0425655423866	0.00989113958904	0.0194243430873	0.0967508757003	0.0544931217531	-0.0558395799554	-0.00381969023022	-0.0131589806605	0.0793054357493	-0.0367012144801	-0.0153023166097	0.0609288528604	-0.0581284613921	-0.00850139875755	-0.0508112633063	0.0569493111994	0.0294202225597	-0.0194151142722	-0.028700404056	0.00685468182972	-0.0252706134473	0.036409505171	0.0340630823342	-0.0192082903046	0.0155698344004	0.0107533439532	0.028696927122	-0.0313557293819	0.0125859986963	0.0024864759179	-0.00370597824824	0.00871225712495	-0.0154095133859	-0.0241076026686	0.0255927830503	0.0475812872059	0.0206616581829	0.00444529191463	-0.00678926952367	0.00572053139374	-0.0
SAMPLE_112526	-0.173269633313	-0.0467263492932	0.0297954160455	-0.137214158241	-0.0871760318082	-0.0307141949739	-0.00847973828914	0.0851702310436	-0.0298468752623	-0.0752923648287	0.0134478280675	-0.0566003754431	0.037994990605	0.0870087352752	-0.103556428085	-0.0470840867617	0.00769162778301	0.0362503260943	0.0317417323717	0.0767057559756	-0.0462026107858	-0.0776114241934	-0.0302717923893	0.00599026637281	0.0341778685086	-0.0909206978262	0.0996550045456	-0.0249517560818	0.023337883498	0.118289574724	-0.0161060013223	0.00473946360596	0.0115005463778	0.00294671274613	-0.018465000301	0.0443789528068	0.0497605439747	-0.0130416367953	0.0510957842771	-0.0482882669909	-0.00126727560727	0.0364667564288	-0.00723919636334	0.0422841733172	0.0335736020319	0.00852489781219	-0.0235996576549	-0.015708149858	0.0147582629108	0.00444823661949	-0.00173254565027	-0.0231339405971	0.0182005993549	0.0095769904476	-0.00362855008899	-0.00266600054676	-0.00804817683472	-0.0102441235026	0.0126100522518	0.0011701052976	-0.0149935514955	0.0292040759069	-0.0078543079564	-0.0
SAMPLE_112530	0.267958053297	-0.0268513790485	0.0516804313521	-0.0754543177053	-0.138236892553	0.134433126318	-0.0478474813827	-0.046207127276	0.158480073579	0.0447699111635	-0.145536389757	0.00807052193006	0.0249806929347	-0.0543167946372	-0.0226670278866	0.185607963347	-0.0483381379066	0.0305324023722	0.0318417600019	-0.0180995814347	8.17302419764e-05	0.0239758288338	-0.00403698208779	-0.0368294025841	-0.00548423352191	-0.0240303885588	0.0102744914295	0.0759697836377	0.0021438791731	0.0861868770737	0.0206487084204	-0.0168215447042	0.0601103567358	-0.0145760762163	0.0170551520878	-0.0573650755828	0.0140460611803	0.00752138995969	-0.00287300716567	0.00656498834211	0.0173962982306	-0.00843068111719	0.000865990116422	0.0126036776742	0.0442085968304	0.0106026653245	0.00354043555624	-0.00333393728686	0.00762458567386	-0.0224055924405	0.00832414378477	0.0289211384246	-0.00477540223225	-0.0341801457423	-0.00356604037355	-0.00827018928101	-0.0206413496384	0.00696489387884	0.0146012787374	0.010881197417	-0.00173889883023	-0.00591508024162	-0.00406128976921	-0.0
SAMPLE_112531	0.343106893105	-0.0627812060721	-0.0379978543198	0.121715590311	-0.0843211057648	0.0422249236689	0.0352474273476	0.00549121400381	0.113334136617	0.0831405878721	-0.0193091982156	0.019049401402	0.0152797229239	0.108031126662	-0.00955963948945	-0.0243195353725	0.00314041793715	-0.0667901385505	-0.101495840816	0.00433402469859	0.00714215590407	-0.0789468548751	-0.0855246187594	0.00839590759646	-0.110931240476	0.0557101787636	0.00545995143456	-0.0263265595548	-0.0479394547634	0.0119685607871	0.0388195422368	-0.0688438731339	-0.0708485579641	-0.0167630459973	-0.0331732197556	0.00280269445307	0.0040765225278	0.00555616791714	-0.00936485041117	-0.0596240187281	0.0411331479652	-0.025943753241	-0.0268280336483	0.0116192043856	-0.00761073636166	-0.0115657838916	0.00859096322038	-0.041276481081	-0.00779476042035	0.0142575562212	0.0117325883327	0.00140074380164	-0.00158600187414	0.0170832819905	-0.0145598926298	0.0191210597407	0.026168719919	-0.0026466710288	0.0273527583051	-0.0227297867008	-0.009322042968	-0.0105798784827	-0.0177348901184	-0.0
SAMPLE_112518	0.449126645833	-0.193928446219	-0.0692781622787	0.00230496026994	0.00375645170055	-0.0868416604339	0.0276206293658	0.118641264811	0.0121613665619	0.0797514601202	-0.101139026656	-0.012667479962	-0.00892073887837	-0.0298374754127	0.0556654116035	0.0328273166663	-0.0262324934106	-0.0248404765779	-0.0592542991726	-0.04647980471	-0.0606106515737	-0.0259214250748	-0.0357870525843	-0.0536946408429	0.0393939143095	-0.0781241122348	-0.0627521840874	-0.107403120073	0.0653821382994	0.0345764498218	0.0338427328968	0.07058325198	-0.00917202308381	-0.015552371126	-0.0811005206486	0.0046926836466	-0.0092914136429	-0.0229775314426	-0.0427853900077	0.0575888626933	-0.0489370481405	0.011705295251	0.0105340412215	-0.00705282833016	-0.0167010911133	0.0151820033851	-0.000585529126442	0.0313078486467	-0.0225844157604	0.0115827903486	-0.0177990039679	-0.0152429819151	0.00706748248858	0.0159846925653	-0.0151680651997	-0.00461138046298	0.0118766624213	0.0033769227721	0.000177165769049	-0.00431146516137	0.0100608773572	0.0153474775921	0.0100052973313	-0.0
SAMPLE_112519	0.430514161007	-0.165764164614	0.0339038317906	0.0454500988666	0.0462354644191	-0.0465066206006	-0.0141771216356	-0.137208445743	0.00582055297077	-0.146745120497	0.103597456417	0.0596563474283	0.103257472865	0.091721737528	-0.051772341884	0.00482495255624	-0.0129295454228	-0.0897707297743	-0.070875778441	-0.0211152376245	0.0325123404409	0.0652677011421	0.0263795133357	0.00562207353988	0.0264332517882	-0.0494721892312	-0.0229061247546	-0.0231955884844	0.0247225757154	0.0424781526219	0.0377449982842	0.00146357608853	0.0346767597275	0.0192549212188	0.0132747326359	-0.0361793355755	0.082361192384	-0.0398839298931	-0.0155098685134	-0.00759945225562	0.00586944358388	-0.00737568916839	0.00375430633549	-0.0659200159029	5.11808687369e-05	-0.0188651699131	0.0260993017741	-0.0179610963017	0.00301304732089	0.0156070335576	-0.0101536264843	0.0201407036586	-0.00811010151728	-0.00987495900436	0.0442313545488	0.00430353705695	-0.0101836514238	0.00456304743044	-0.0170667279162	-0.00336535738671	0.0136557052894	0.00234523125922	0.00721297713923	-0.0
SAMPLE_112534	-0.0134178094806	0.0591908815332	0.0931355478942	-0.1970860583	-0.0592585711878	-0.0928873112752	-0.0729294705313	-0.0634672709019	0.016929325739	0.0705231367288	-0.0352832663769	-0.0599657754411	-0.024775853927	-0.0472016649507	-0.0753741786227	-0.0518294116089	0.0284079951671	0.0453107211638	-0.1259335605	-0.0639168303841	-0.0472360825281	-0.0780757472837	0.0818216181208	-0.0449570299468	0.039793168878	0.00462837964794	0.0163273352759	0.0114166334008	-0.059540609566	-0.0192053009106	-0.0066850965227	0.0190877432103	0.0253898799398	-0.0278771803196	-0.0140919081353	-0.0179437718018	0.0154751402064	0.027505921397	0.0416487817916	0.0279953504979	0.0247226311815	-0.0542640562175	0.0221917068313	-0.0406908933753	-0.0532941351367	0.0035838712141	0.0150333549546	-0.0465371315409	0.0249825987784	0.00524147949418	0.0360815538703	-0.0122884083428	0.0110710807406	0.0184984339405	0.0133970781323	0.0294058499115	-0.00157373830449	-0.000670732468237	-0.0376389511856	0.00714693223294	-0.0119775242418	-0.0101147248559	0.00247478993315	-0.0
SAMPLE_112535	-0.0865128389794	0.0444022196093	0.0739536907787	-0.0897414658638	0.104013144591	-0.00752663285994	0.0316815050004	0.0557115700291	0.109306642137	-0.0848509368667	0.0528295153971	0.135460959435	0.0053753207247	-0.0278778754112	0.0286646257718	-0.0206350848912	-0.0742154630813	0.120672126091	-0.056229085465	-0.0885013308566	-0.0716152742626	0.0121900744184	0.0370873440936	-0.0181591248149	0.0196481937764	0.00461447895927	0.0171588129053	-0.0274616599593	0.0428469521347	-0.0196832033805	-0.0152679033353	-0.0748759392192	-0.037805358953	-0.015176966525	-0.00702619153314	0.015411225189	-0.0248928679225	0.010435964178	0.00433335090003	-0.0228614713465	-0.0111892189367	0.0296255956927	-0.0213361106746	0.0331961356159	0.0214135628475	0.0362420901155	-0.00188204158822	0.00725731229313	0.000293452677785	0.00818449360701	0.0082951552655	0.0363164149699	0.0315331591422	-0.030582137739	0.00545758900062	0.0211629368321	-0.012622981418	-0.00939709656868	-0.011096776356	-0.0626480334402	0.0256011281315	-0.0118196549434	-0.0116366369258	-0.0
SAMPLE_112536	0.00223777415418	0.143534794256	0.0619193723584	0.0300702886016	0.0420844066143	0.0862892559632	0.0418085209355	0.0456977421137	-0.084302321982	0.00626807010021	-0.0776864418718	-0.030568816029	0.129092656748	0.0166871409382	0.0160414536209	-0.00499007507124	0.0060089022433	-0.00368339151245	0.0182355708834	-0.034209512545	-0.0419873235406	0.0177088877386	-0.00391366823278	0.0177918384971	-0.00291306239861	-0.0452669725886	-0.00249690440049	0.00572133823872	-0.0213030826224	-0.00712555631933	0.0157107361474	-0.0404505334702	-0.0309296091242	0.0170194457584	0.00604539572463	0.033830652251	0.0624071171304	-0.00627866182423	0.0671515554728	-0.000196432725735	0.0332258297601	-0.00425452805073	-0.0354704425729	-0.0573125100764	-0.0561318559312	0.0339144515601	-0.0162179488141	0.0488829523767	0.0330013768795	-0.0550889582698	-0.0076605402652	-0.00731914541889	0.0228105762698	0.00246163764598	-0.0379684627674	0.00797231336003	0.0183905339176	0.00990286309309	0.0195314177619	0.0218292020785	0.0593539571166	-0.0372024168856	0.0121286100356	-0.0
SAMPLE_112537	0.124091517085	-0.0642652247719	0.155449296822	-0.288410469377	0.14519975072	0.0776446831748	0.0389660526351	-0.0839107242021	0.120175923257	0.147565106877	0.0761099402619	-0.0707011324795	0.00197261088324	-0.0268566197216	-0.0242056058246	-0.0474372711702	-0.0371590310069	-0.062918211258	0.0378649531467	0.0465487782594	0.00665937083747	0.0368987069986	-0.0214259253625	0.0319789201802	0.00609277057987	0.00822436311061	-0.0599891250714	-0.0660455143918	-0.0273574764536	0.0285753858762	0.00104867026957	0.0231371069377	-0.0680560703509	0.00746573558826	0.0609587042746	0.0370931471111	-0.0196340685519	0.0142693708444	0.00630861637067	-0.0237953396917	-0.00374669722192	0.047675621832	-0.0123462426395	-0.0111796160243	-9.60144389956e-05	0.0129617461646	0.00726850734431	0.0194685575463	-0.0212752353528	-0.0366913750773	0.020335597221	-0.0191265047889	-0.0277322157067	-0.0191256271631	0.017898858357	-0.00277550711196	-0.00874348514636	-0.012576573134	-0.00730270763235	0.00512200997551	-0.00144196709848	0.00839425829828	0.00624923965875	-0.0
SAMPLE_112512	-0.0304504730179	0.109138646109	-0.0282926807099	0.0264902753373	-0.0474071869621	-0.160269166471	-0.0658193957565	-0.0659378716775	0.0907439885787	-0.00614026262991	-0.0576398245005	-0.0701523738334	0.0309694367176	0.0998655370015	0.0146657656156	-0.0466896902748	0.146349776539	0.0894304248075	0.0431922544209	-0.00910605811953	0.0203954695905	-0.0044499518836	0.000517481278992	-0.0211199337036	0.0260542332743	0.00633922206405	-0.0756810854997	0.0553135384296	0.0490059411836	0.00789606353028	0.00896526070851	0.00341737006779	-0.0335046012916	0.0130318650711	-0.00164972932292	0.0171497115285	-0.0538865805743	-0.0595280970741	-0.00507955191936	0.0110542340621	0.0174153845145	0.0099207030199	-0.00518569817624	-0.0217781602002	0.0165893765311	0.0312063164166	0.000193941336259	0.0124948137224	-0.0241421045109	0.012414916815	-0.0255736220865	-0.03525639878	-0.028996854291	-0.0232265423896	0.0310627538937	0.0116985600741	-0.0331641044805	-0.0231227279116	0.0381825403907	-0.0156372464834	-0.000608316613078	-0.0354380914724	0.00385822433422	-0.0
SAMPLE_112513	0.140163619569	0.0556579141042	0.00267709330894	-0.0675610423271	-0.19287887576	0.0197973394874	0.100658559158	0.0492236336462	0.005726406005	0.0469253552709	0.0477043793415	0.064510969265	-0.0184702489577	-0.0770413152908	-0.0177658008322	-0.0120388847074	0.0251683968059	-0.00841389261123	0.124640196149	0.0370096988071	0.0608393771294	0.0340353661083	0.015145736065	-0.0717045131174	0.0111526451201	0.055681526569	0.0639184971967	-0.0170923468448	-0.0294232271283	-0.0168529013201	0.0370208671884	0.0647583159309	-0.027689205049	0.0438581980786	-0.0723000890033	0.0281123658972	0.0316253678615	-0.0779502850824	0.0276473459702	-0.0287709057281	-0.00542342082836	-0.00633326671688	0.00309181888093	-0.0322363724473	-0.0125790261237	-0.0225664970342	0.0488833423847	0.020033159923	0.0201797486364	0.0320190576119	-0.0080283546838	0.0352485870075	-0.00975950432694	0.00398988240659	-0.012863208618	0.0200195140027	-0.01652780508	-0.00377146720555	-0.0181840111301	-0.0368989550588	0.00518875194024	-0.0145674672481	0.00644315387925	-0.0
SAMPLE_112510	0.127493239852	0.165412650791	0.0626327547136	0.0730716687032	-0.0153899764271	0.0440051400841	0.0661960484708	-0.0730517128423	-0.0913358296576	0.00808635858983	0.00186921415088	0.0233735402208	0.0567898700768	-0.0357324851396	-0.0666567881253	0.0186292610244	-0.0243413353165	0.0202913351247	0.0232171294159	0.0808540143255	-0.0465825409503	-0.0528272749158	-0.0276054230276	-0.00495773169403	0.00988873586689	-0.0622704995232	-0.0204542728596	0.00191883292807	-0.013944524532	-0.0447872631338	0.0149167686239	0.0226925285466	-0.0278181869528	-0.097735918553	0.0116557477181	0.000166617352347	-0.0298203230079	0.0293347805354	-0.0377728642506	-0.0130840064126	0.0281153326126	-0.0292210682394	-0.030407916975	-0.0131701017505	0.0689071830166	0.00070938619842	-0.0222557382511	0.00268503166462	-0.0248700433288	0.023427524146	-0.00621526666668	-0.000667743134785	0.0248809064905	0.0157030416892	0.0227587704482	-0.0281169201678	0.00599700757814	0.0150815393358	-0.020426976703	-0.0341070151293	-0.0221730729207	-0.0217709727142	0.0580096302431	-0.0
SAMPLE_112511	0.375117040215	-0.096064161993	0.0873535528921	-0.0505986661442	0.153926913727	0.0411349276867	-0.00824552558892	-0.0224795327266	0.00393101314931	-0.00357979285227	0.0319006891488	-0.119231182655	-0.048473807488	-0.0976178148838	0.0992075114076	0.0100044117	0.063370926544	0.041329052231	-0.0448602424787	0.0150546116953	0.0239886447373	-0.029184635435	0.00924806175277	0.0889564312394	0.0104010580023	0.0182012863411	0.0358101105727	0.103815410954	0.0826517967441	-0.00213917230677	0.00485300776496	-0.00897395797943	0.00448193073247	0.00322282561983	-0.0273769301222	0.00176804069641	0.0479450623365	-0.0193509321512	0.00968493333394	-0.0548184842472	0.00789184357621	0.0230560618258	0.00355253225939	-0.020674092995	0.00111056431657	-0.029189747678	-0.00612699198738	0.00897385048159	-0.0415657871027	0.0536065992326	-0.010466280024	0.0309204109819	0.0355931054552	0.0123365721271	-0.0363613442401	0.0276031257631	0.0150170365623	0.0101534693876	0.0166896788999	0.00682348952865	-0.017625197125	0.00258381332898	0.0180070601406	-0.0
SAMPLE_112516	0.458561604982	-0.223953035802	0.0583040450931	0.0160898479892	0.0921672572992	-0.04930955975	-0.0579648876318	0.0166457902261	-0.0703604798173	-0.032830536868	-0.020816172208	0.0335410771536	-0.0398761167875	0.0569207255018	-0.0745601290718	0.0107173565953	-0.0462909640543	0.05551482162	0.0908093232999	-0.0121337846635	0.0515090578961	0.0603552667044	-0.0048845388438	-0.0852629202611	-0.0436458934197	0.00792175117331	-0.0321556780355	0.00385644725727	-0.0785323006071	-0.0061731276059	-0.0207175410081	-0.00954542567547	0.0604245251572	-0.0205182549782	-0.00508413068664	0.0156596582086	-0.0721274942424	0.0203505898669	0.0722489715145	-0.0151412982165	-0.00110759540945	0.0278980418844	-0.011945175811	-0.0291290403253	-0.0197070032907	-0.0038689975434	-0.0502703995786	-0.00373532616336	-0.0331536463853	0.0583026464992	0.0377750190176	-0.0242440889777	0.0161274017556	-0.0211233678773	-0.0267397121879	0.0175226782041	0.0319434980635	0.00123917132442	0.00608129229876	0.00687939277099	-0.000108594155544	-0.00102869063269	0.000428536572811	-0.0
SAMPLE_112514	0.268287634442	0.0384087637278	0.0613762703079	0.0678437909158	-0.0223897285201	0.0468781497734	-0.0479795227819	-0.153008341469	0.0444831087574	-0.0743383394938	-0.0359136546319	-0.00624299904341	-0.0350069587364	0.0563553597903	-0.0400241066397	-0.0925925576666	-0.0078955909221	-0.0355685973269	-0.0112397461662	0.00488501298481	-0.0430274534747	0.0300537900294	0.0871929566911	-0.0324841901363	-0.047728897042	0.0461838812723	-0.00112341306733	0.0528643053707	-0.00980439524415	-0.00175579647647	-0.00331447788787	0.0398618192327	-0.00583118928587	0.00239851836141	-0.0643450114267	-0.0212093523312	-0.0132090970773	0.00187618390491	0.000763451099278	-0.0356526892053	-0.0178684342627	0.00318281339542	0.0325470212167	0.0945356998521	-0.0175613381421	0.0426262705429	0.00877612941216	0.0798962422245	-0.0156220179366	-0.0417845270744	-0.0145372918433	-0.00833737163107	0.0116534402201	0.038654034693	-0.0309912022822	-0.0239985197761	-0.00474521686322	0.00827610614587	-0.0179941796691	0.00125226031458	0.0104328453311	0.024377650696	0.0146883961344	-0.0
SAMPLE_112515	0.111486732412	0.134656932038	0.0926940810749	0.0396441142335	0.0297574448074	-0.00649422140155	0.107511692776	-0.129377802687	-0.0551438393667	0.00479849751429	0.0145506858269	0.0885650887023	0.0480025364404	-0.0223467749271	0.0102754667084	0.0470045951269	0.0350286193967	0.00122728684093	-0.0352358087352	-0.00625737626104	-0.0178737721153	-0.0200522001254	-0.0569663202954	-0.0198210525687	0.0606810697568	0.0170849521325	0.019287552578	-0.000362159411156	-0.056378561579	-0.0279722999934	0.0152035762901	-0.0548067364944	0.00885669125481	-0.0237175952272	-0.0196827022476	0.031643312026	-0.0205443100754	0.00724886619611	0.0120695921233	0.0497019220928	-0.0031382381126	0.0433821980932	0.0379718250938	-0.00439026774347	0.0250290810496	-0.0369620361791	0.0135197685294	-0.022225851627	-0.0233163443491	-0.00995674984247	-0.0476631036543	-0.0312056628118	-0.00797095966834	0.00208540930964	-0.0620947297462	0.0272984764219	-0.0583311464888	-0.0484438390812	0.00522353271781	0.0281163764731	0.00140304322652	0.0391732021048	-0.00999079542238	-0.0
SAMPLE_112475	-0.319178557885	-0.134327602663	-0.0624741123593	0.0857818993408	-0.0249909207771	0.0434595846859	-0.0663468515248	-0.00343922676681	-0.0150567151996	0.000838942593215	0.0183404895756	-0.0290057950446	0.0215838809718	0.00527652663228	-0.040784810345	0.0262021495055	-0.0458373272552	-0.0333440859294	0.0501853337467	0.0191677946863	-0.0564428818644	0.0227963818681	0.0470495827406	0.0423873337889	-0.00557351366993	0.0417934232257	-0.0148818144857	0.0218614448676	0.0759511995531	-0.00829265212807	0.0441859290948	0.0210700041769	-0.0718395248944	-0.0402570319882	-0.0376281477143	0.00347833540997	0.00567906404059	0.0991913552015	0.0673646963767	0.042233835389	0.00349881242592	0.0134070335621	0.0520868116111	-0.0594428575394	0.0300446607753	0.015886488055	-0.031456548465	-0.0080765807764	-0.000199469423931	0.00835145056939	-0.0152922797738	-0.00128815261889	-0.0537576355005	0.0240439639689	-0.0099355780319	0.0404632498363	-0.0199251445211	0.0429469185463	-0.00237001458221	-0.0288368467071	-0.00516914612383	0.00609660701995	-0.0265938211697	-0.0
SAMPLE_112474	-0.304672791627	-0.125170399415	-0.0578459409519	0.104154803647	-0.04513412489	0.0102314750216	0.0363229318712	-0.105412572141	0.00285226706202	0.0401142153319	-0.0326601625093	-0.0132315455777	-0.121494038377	0.0785729670256	0.0195817369971	-0.0185252519427	-0.0280318673114	0.00885705598693	-0.0040023890848	0.0260987115101	0.0233703068979	0.00284206809947	-0.0705123287322	0.0507823421541	0.111970145351	-0.0534594975752	0.000591086628455	0.0424318437511	-0.00400166035711	0.00916926012992	0.0798807283443	0.0118859024902	-0.00585188002958	0.100809669841	0.00727140942155	-0.0189799876387	-0.0480559797641	0.0496995575878	0.00623369487562	0.018865753813	0.00864043608024	0.0315109102631	-0.032162101258	0.0252280527728	-0.0179602864297	-0.0281761137063	0.0211075437958	-0.0131764475783	0.0302494616419	0.000360012208013	0.021311801185	-0.00690250255415	0.0517371983317	-0.0211328622566	-0.0154134216344	0.0146380302364	-0.00335538461308	0.0187743552213	-0.039591062463	-0.0189092513486	0.0230338268725	-0.0114418485822	0.00856523348559	-0.0
SAMPLE_112477	-0.302715219416	-0.127350893512	-0.0757381531737	0.0654684064058	-0.0206740121943	0.0123346303484	0.0927414420716	-0.0146020882601	0.0312222689585	-0.0741089122772	0.0144922636952	-0.0775007186955	0.00503654185058	-0.0982458460389	-0.0895014098012	-0.0123922714041	-0.0156006672951	0.0646138460594	-0.0216220434419	-0.076707394127	0.00779769348195	-0.0327133373522	-0.0851673038613	-0.0680824869264	-0.0677284115056	-0.0599257680409	0.00432222885638	0.0328127292043	0.00848894738624	-0.0416303592496	0.0115869834643	-0.0297675895242	-0.00627142750527	0.0666135362521	0.0574876835179	0.0229367580536	0.0361938703271	-0.0256675424025	-0.0452326925067	-0.0207974499143	-0.00389273239756	0.0240413565743	0.0632551462297	0.000495821573954	-0.00424077032876	0.00486090095261	-0.00994284349662	0.0110619142802	-0.0318102429384	-0.0014410666951	0.0173706485672	-0.0231290891339	-0.0704310250534	0.00709139859563	-0.0268616764722	-0.0155627436445	0.016640179756	0.00599931078972	-0.0394807133487	0.000655473937751	-0.00103840499388	-0.0148644081567	0.00132627149442	-0.0
SAMPLE_112476	-0.296645263549	-0.196008517269	-0.0623578937327	-0.0468245650326	-0.111467937036	-0.0177122602355	0.115259347313	-0.0302752492813	-0.0643687209426	-0.0654385591047	0.0580788233526	-0.0884474565556	0.0353854332153	0.0272963242544	0.0456693208002	0.0471430145207	-0.0440356182975	0.0745568387059	-0.00403072028944	-0.0113754982952	0.0739723975587	-0.000886660839538	-0.0710712599819	-0.0419232225413	0.0382188760926	0.0946825976608	-0.0485373888	0.00513218294392	0.00736169538685	-0.00804832017921	0.00686611248006	0.0259010487299	3.62679991375e-05	-0.111413016304	0.0256665434262	-0.0353325654532	0.0516495837909	0.0368547419129	6.21752450117e-05	-0.0142914946952	-0.038640431941	-0.0259788127869	-0.0474742974872	0.0258515845482	-0.0491796231907	0.0184430690433	0.0135135933086	0.0406722494063	-0.0103303564284	-0.0309334895251	0.00643948245535	0.00317385483141	0.0238716555087	0.0144123810554	0.0178989114537	0.0230012799643	-0.0105982136286	-0.0242415380655	0.0105089446138	0.00207937738087	-0.00896319856395	0.00464316691232	-0.00569900454318	-0.0
SAMPLE_112529	-0.181121814923	-0.150597170717	0.0355510436372	-0.213309525135	-0.0983086050548	0.130847688809	-0.0555819665497	0.0702670207041	0.0141576489375	-0.064471701233	-0.0409902852315	0.134326750418	0.010681888249	0.0301758512947	0.084249990663	0.0058425960967	0.0589194896525	0.0124297317463	-0.102889975279	0.15886251049	0.0476127863725	0.00975075721264	0.00170244184008	-0.0572788566312	0.00655954656981	-0.00348768099468	-0.0268926905944	0.0505868057363	-0.0159959284629	-0.0455381715925	-0.0233796009897	-0.0316441686793	-0.0417183229719	0.0334486537059	0.00586025621624	0.00973682701927	0.00192538520756	0.0213989806696	-0.0117970422889	0.0330581980779	-0.0140760911969	0.0217329841263	0.037921019611	-0.0223836284187	-0.0274903224783	-0.0108275068257	-0.0378714537274	0.00671350240998	-0.00318604385827	0.00718571441984	-0.0225699749782	-0.022331990297	0.00138679664461	0.0173165680989	0.0241137910124	-0.0269040138357	0.0184153309105	0.00867982650163	0.00116647001765	0.00230529918856	0.0027037269334	0.000742908592504	0.00849704819593	-0.0
SAMPLE_112499	-0.153815375771	0.0393765067101	0.0217600437198	0.0466612724767	0.0608603391914	-0.110852266573	-0.0467216952597	0.0181093221871	0.0120253814288	0.0408636210063	-0.0244590959066	-0.0383323378798	0.0655603750698	0.0273508696611	0.0820387154216	0.00879162547364	-0.00360184176829	0.0359878783572	-0.0210229969598	0.05202506375	0.0366513283802	0.0684307635097	0.0336425026855	0.0165527692969	-0.021164279459	0.00975999696183	0.0596553044774	-0.0697850403173	-0.0352632673827	0.0100169452147	0.0697526755908	0.0434064267035	-0.0017058395236	-0.0199356629996	0.0177874980002	0.00515653405594	0.0561122268227	0.0406974856573	0.0130400907825	3.42889603055e-05	0.00155115310794	-0.0398179835366	0.0796250823869	0.0837546246003	-0.0193902861679	-0.0335480049559	-0.0534893960114	-0.0293702598687	-0.0164160014114	0.00781998442542	-0.0117034693476	0.0200026007016	-0.023291083246	-0.0628710144108	-0.0220772291515	-0.0128688788607	0.00341461520008	-0.0261339914171	-0.00825035142164	-0.0118286142069	0.00838927043046	-0.0216988198402	0.0225313066177	-0.0
SAMPLE_112498	0.0305767980255	0.13986935508	0.0812447189867	-0.00453301950581	0.0589714098898	0.0609640888797	-0.002639978739	0.0443802362537	-0.0257318539647	0.0157771814313	0.0203465372946	-0.0056456274025	0.0584103534936	0.00539407029446	-0.00723245410423	-0.0688406514472	0.00144845385027	0.0219575204923	0.0396634785697	0.0273921754194	-0.0249238867259	0.0235858266968	-0.122619702899	0.01875044101	-0.00681176648281	0.0520909609163	0.0366142586338	0.0259396411649	0.039530244586	0.0481988838086	-0.0173453588025	0.000836756393184	0.0566178977927	-0.00283346339437	-0.0435111389083	-0.0558989292332	-0.0318493710933	-0.00164912526234	-0.000320172655229	0.0608413361401	0.0359930389664	-0.0226051135365	0.0705698249007	-0.0171986659298	-0.00700890296785	0.0103372752895	0.0501217641108	0.00929565596302	-0.0436971165136	-0.0248575349788	-0.0204742246721	-0.0087085988157	0.0261708411553	-0.0250022250407	0.0386167417301	0.00284928519577	0.0724844469604	-0.0144979829887	-0.0338312877688	-0.0119916808436	-0.00183688351172	-0.000750737335168	-0.0249075490582	-0.0
SAMPLE_112497	-0.120312802261	0.101644147422	0.0478799509886	0.0153506311832	0.0427973502094	-0.0558585281328	0.073564899885	0.0168501521218	-0.0220203225002	0.00936559903096	-0.0485139623493	0.0143913441254	0.0933568729042	0.00586799787614	-0.0265813276829	0.000819518092591	-0.0409397279352	-0.0495553885489	-0.00259527241289	0.015937340586	0.0177738165306	0.00774529952815	-0.0162564950543	-0.0298913180819	0.0345133353266	0.0372323662157	-0.087195958801	0.0139978711133	0.0387810022567	0.0278682826695	-0.0887440189291	0.0158546015309	0.0110725979608	0.0310288196657	0.0209964845127	0.0413676651064	-0.0185591950136	0.0559675472456	-0.0356504937894	-0.049752039593	-0.0172769535312	0.0184136780222	0.0908031523729	0.0316133755042	-0.00796195370349	0.0240640350379	0.0673967801879	-0.0293134224287	0.0682881564398	0.0528598675429	0.0187425199966	0.0279097143238	0.0184682054077	0.011936214367	-0.0169706226039	0.0156426679686	0.00284451522752	0.0223853022168	0.0316242292597	0.0174203541876	-0.0111814925712	-0.0180868206648	0.0109216975107	-0.0
SAMPLE_112496	-0.080358063761	0.0422057570901	0.092258755798	-0.181000404387	-0.0618781800344	-0.0947399442976	0.0630682347984	0.00195868846715	-0.124771392525	0.0548490032594	0.0901497824927	0.0146095992136	-0.0337218285351	0.0828402087753	0.022746328468	0.0514916624097	0.0462700693675	0.00365858927977	-0.00419650577575	-0.0317201023938	-0.0522904014	0.0218028863808	-0.0402234812153	0.0208036452884	-0.0682787576823	0.0412306096587	-0.0528126171323	0.00248013585417	0.0166501375052	-0.0120436837586	-0.0162310412677	0.00361352750343	0.0451995134957	0.0695952478185	-0.0341877833049	-0.0666366712788	0.0149144260103	-0.0022860877282	-0.0241496705675	0.0236301941102	0.0503769555013	0.02698342201	-0.0370441636768	0.0110954179565	0.01065832631	0.0703184026274	-0.0539758149155	-0.0353716089871	0.0144316061762	-0.00783584193825	-0.00789763053775	0.0521030071155	-0.033688853061	-0.000432325062651	-0.0357009290677	-0.0148110379348	-0.00120475683973	0.0132461687806	-0.00969568948631	-0.00463984331269	-0.0087649523857	0.0122458540128	0.0167605434357	-0.0
SAMPLE_112495	-0.128672088999	0.104385458463	0.0264802485944	0.0421361825885	0.00537563362266	-0.101418060954	-0.139707399275	0.0743333697086	-0.0110267640841	-0.0193381368331	0.059128618271	0.112492572089	-0.0755421543028	-0.0240942985187	-0.0301784019865	0.0784337216872	-0.0360829243877	-0.00672889209541	-0.0411345368251	0.0265473074457	0.0163349187534	-0.0111937749533	-0.00580115057184	0.051051696838	-0.0280374955591	0.052475646692	0.00860987076315	0.0356646518944	0.0336829153274	0.0314764991524	0.00293493722345	0.061820610072	-0.0240034700663	-0.0446916342733	-0.0114370652272	-0.00176117247341	0.0450664037652	-0.00792493499778	-0.0440607992603	0.000609785023588	0.040989580941	0.0517577084781	-0.0162690827083	-0.0124220165539	0.0157219535899	-0.00711154594877	0.0391040894718	0.0257450983977	0.0184796515225	-0.0153437505051	0.0724893820109	-0.081583717815	-0.0171220234301	-0.0105233049819	-0.0247274949373	0.00388265521639	0.0125382169352	-0.0299611495554	-0.000200211225219	0.0140188385849	0.021349462912	-0.0123624809761	0.016505552635	-0.0
SAMPLE_112494	-0.188097606439	0.0305477780386	-0.0135981774715	0.0151133534782	0.0447218019333	-0.107065974529	-0.0513821484075	-0.00921382405631	0.0849847272878	-0.0147783490933	-0.0141457088366	-0.0069069068938	0.0305880406712	0.053853091254	0.0372983847333	0.117967745126	0.123995773519	-0.00529486458796	0.0204212825552	-0.0533813724021	-0.0648432955002	0.0620843933098	-0.0370751771815	-0.0258878108169	0.0630869596018	0.030797878427	0.055884871104	-0.0197114469455	-0.0371610586019	0.0064183029989	-0.0517345117591	0.0134974823384	-0.0350768323276	0.0259884114436	0.0105899967034	0.0278264074187	-0.0190413537085	0.0529058128835	0.00114510355427	-0.0503778370056	-0.0261699425125	-0.0273066154088	-0.0275726856146	-0.0324283935565	0.0437268647746	-0.0527483630688	0.00134065801454	0.0319367568858	-0.00790310090259	-0.0127416276497	0.0229493777521	0.0338546412964	-0.010325518416	0.0600214987995	-0.000526891695005	-0.0221650178095	0.0497743717036	-0.00360855442701	-0.0283300201794	0.00712486191945	0.00126630260958	0.014053464913	-0.00210521172527	-0.0
SAMPLE_112493	-0.104341376454	0.0519481801973	0.0524849421793	-0.0161344133636	0.0422565127007	0.140501665776	-0.000374287980255	0.1412516677	-0.0237132591849	-0.047575393274	0.0463382229215	-0.0455194688636	-0.046731505276	0.00629605485666	-0.0488251220539	0.0239937281895	0.0887391711237	-0.095276676714	-0.0425904092854	-0.0177885281993	-0.00295055666761	0.0065102008451	0.00531632921663	-0.0488313298389	-0.0121251781138	0.00083791365113	-0.0681302616635	0.0069342566537	0.0559154630004	-0.0235491245809	0.0842291830235	0.0348123834432	0.0542726339095	0.0226514284952	0.0472237479671	0.0430868859833	-0.0498019928685	0.00520331552575	-0.00024669596412	-0.0229269324027	0.0350376975031	-0.0981220488159	0.0148109682082	0.00577471589106	0.0315326295922	-0.00728896352392	-0.027226884397	0.0245887080638	0.0194161448775	0.00259293541093	0.0232783930243	-0.00172363719321	0.0310538676821	-0.012895842466	-0.011607276712	0.0138923139432	-0.0281092641356	-0.0436966665732	0.000645984290473	-0.0138889227791	0.00967683093284	0.0208491287713	-0.00982724670126	-0.0
SAMPLE_112492	-0.161073056511	0.0521365422163	0.0141135694119	0.0213827548107	0.0911210888476	-0.0121307721633	0.0782583882734	0.064290128094	-0.0421093636942	0.0417289777142	-0.014573090388	-0.038921842424	0.0481613641955	0.0301165457389	-0.012693925415	-0.00595286502712	-0.0296314722133	-0.0524412873554	-0.0393393888611	0.0508030272937	0.0525791248079	-0.0362337816622	0.0779004156916	-0.0893082153222	0.0695129355269	0.0261746272043	-0.0113105154311	0.0475221390445	0.0350288320491	-0.0105779108952	0.0124540292315	-0.027976686818	-0.0234022877705	-0.0327841399831	-0.0453192769924	-0.0072370427823	-0.0207074912275	-0.0626561576676	0.00667867823497	0.00591076390795	0.0148594957458	0.0147980650163	-0.0603502327837	0.0585858878983	0.0490136552049	-0.0246701375603	-0.00899861308479	-0.0145674978358	-0.0288000723301	0.00132246523336	0.0199419336018	0.0260085833283	-0.042480396135	-0.021351976079	0.011860639215	0.00730073574317	0.020195482212	0.0327308712858	-0.0390032932998	0.053263001016	0.0235590690162	-0.00987119667191	-0.0230953275667	-0.0
SAMPLE_112491	-0.088087698165	0.100833573303	0.0455838192906	-0.0470830228838	0.101349652839	0.0253692944825	-0.00245598850538	0.0791980040876	0.12869085188	-0.0900375017627	0.00255052153667	0.0480417184134	0.0538138403249	0.0203049381011	0.0410562977469	-0.042305196214	-0.0682578627236	0.0801198646828	0.0789343418701	0.00128366719123	-0.0264870594755	0.0027617784337	-0.00610570553366	0.0479790877979	0.0295075995745	-0.0128458651258	-0.0657150406313	-0.00046832501843	-0.0126252589425	-0.0146245557165	0.0901552650967	0.0269016585112	0.0222893362556	-0.0127713729717	0.01007885344	-0.0390857642429	-0.021446802363	-0.0473440069086	0.0023586235346	0.0132368909432	0.0412828542207	-0.0303090246315	-0.0261909457126	0.0149574098205	-0.0558308217506	-0.0503380286176	0.0163948308441	-0.0338568658405	0.0212191245942	0.00965183151766	0.00494473771493	-0.010319609376	-0.0316476155143	0.0679583159773	-0.0332584005947	-0.0281697303029	-0.00416543474883	0.0206438109532	0.00763533718053	0.0143435423471	-0.0358420276909	0.0122998346293	-0.00379812643015	-0.0
SAMPLE_112490	-0.253105958963	-0.0871635116951	-0.00854562712441	-0.0925224856837	-0.0424394986887	-0.055139005006	0.048520468339	0.0371199438849	0.0278053926772	0.023542090838	0.0342842624985	-0.0628770661811	0.00122042415397	0.0819714501164	-0.00715077643205	0.0559179928751	-0.000449245956383	-0.0506057649233	0.0307279316871	0.0379714307948	-0.0826268678515	0.00720944377097	0.088880825434	-0.0113131833723	-0.0627035096187	0.00200210116289	0.101222719808	-0.0383054408282	0.0346233225435	-0.0759089731853	0.0477571232179	-0.0511042530911	0.069640299021	-0.0347595346466	0.0492448882739	-0.0395709217104	-0.0621311490949	-0.00959175145879	-0.0584693170771	-0.0198673252294	-0.0289221759717	0.0418014749765	0.0122429669104	-0.0298739069882	-0.0194197536561	-0.0183353461226	0.0565220273895	0.00346960251101	-0.0156899696094	-0.00488781056219	-0.0311413633133	-0.0286622514019	0.0335035668625	-0.00235885143582	-0.01666361727	0.00320679406705	-0.00222431919902	0.0177074812342	0.011488646726	0.0125992661321	0.0035436294698	-0.0256451636534	0.00306809877845	-0.0
SAMPLE_112528	0.165401265901	0.150147442556	-0.411967018194	-0.120295856095	0.0546085756976	0.0198166114717	-0.0579486195014	-0.0166159696563	-0.00063344409056	-0.00470695817574	0.0174094489099	-0.0395640580293	-0.0370281997704	-0.0154552331118	-0.00107164172357	-0.0133980178806	0.00648857786444	0.013452988371	-0.0473752201947	0.0459460117959	-0.00561769546335	0.0848313905553	-0.0296140598938	-0.00703791731821	-0.00621458546801	-0.0185297492464	-0.0424312978081	-0.000930844040281	-0.022047388069	0.00334093638346	-0.064577173875	-0.0188513712018	0.0492599684161	-0.0362596186247	-0.0112335432133	0.0295103057828	0.025608160005	1.31483289388e-05	-0.00684793848227	-0.0244794329631	-0.0115866317024	-0.0405627277291	-0.0457858760473	0.00792072596558	0.0193091706298	-0.0200148288525	0.0269788733873	-0.00387079220653	0.0375067889693	-0.00771883665898	-0.0617409568209	-0.0457445382265	-0.0203497645217	-0.0360649956145	-0.043067960764	0.0187964093737	0.00479566375303	0.042353348638	-0.0192519920127	-0.0260382717106	-0.00470465281839	0.00101171376609	-0.00776771209495	-0.0
SAMPLE_112532	-0.0144949012297	0.0933475293326	0.0524879670904	-0.0923585854436	-0.10231240593	-0.0201102007088	0.0629775551225	-0.0362002539299	-0.0310428472361	-0.0513926775464	-0.209555686897	0.0472554806094	-0.0198163919155	-0.0154977587824	-0.07846752175	-0.0801289761922	-0.0226446693543	-0.0279399490978	0.00322106866512	-0.0451775973441	-0.0296698173095	0.0546185814128	-0.0253959311136	0.0741855176445	-0.0301284065002	0.0598552253424	-0.0149236418058	-0.0313169183757	0.093248698392	-0.0751599038489	-0.0226951984805	0.0328228898695	-0.0097610364889	0.0194647463087	0.00260444854392	-0.00130069116242	0.0395966435175	0.00672822557369	-0.000432721942064	-0.0231285200091	-0.0384555367509	0.00231475005101	-0.038038671968	-0.0117216245849	0.00591767978289	-0.0794236172876	-0.034878710998	-0.0227116684135	-0.0279199641857	-0.00144665727355	0.00947642939089	-0.00817529148939	0.016732839379	-0.0381668376508	0.0120377876631	-0.0119381971345	-0.00345589546086	-0.00588250985181	0.00336398073551	0.0177537575764	-0.0115670697273	0.00337912915646	-0.0113837222738	-0.0

Biplot	0	0

Site constraints	0	0
