Eigvals	64
3.43185150589	0.730891219493	0.365283463667	0.251991833943	0.182730885105	0.164023871958	0.117572324747	0.0900324444306	0.0853241557815	0.07272148582	0.0677517256141	0.0583746954005	0.0540260178549	0.0429923465179	0.0398230531007	0.0366573182403	0.0320352355705	0.0308463732248	0.0294841627976	0.0271720856792	0.0257450292305	0.0204698517117	0.0178971104407	0.0172205997342	0.0146214051018	0.0124436819401	0.0122189220164	0.0118144767503	0.00974644749015	0.00924012644974	0.00821857946719	0.0075634620412	0.00703303170436	0.00600602452452	0.00481413694191	0.00455939247249	0.00361747350914	0.00283843991504	0.0023800095489	0.00184027460031	0.000917494565343	0.000536734934717	0.0	0.0	0.0	0.0	0.0	0.0	0.0	0.0	0.0	0.0	0.0	0.0	0.0	0.0	0.0	0.0	0.0	0.0	0.0	0.0	0.0	0.0

Proportion explained	64
0.561371972039	0.11955699264	0.0597519729511	0.0412200680932	0.0298905699003	0.0268305328202	0.0192321281056	0.014727237117	0.013957069387	0.0118955624491	0.0110826239864	0.00954875751994	0.00883741389526	0.00703255904457	0.00651413553686	0.00599629412721	0.00524022771267	0.00504575717736	0.004822930883	0.00444472824538	0.00421129463338	0.00334839692307	0.00292755562549	0.00281689403399	0.00239172557493	0.00203550015441	0.00199873460048	0.0019325766574	0.00159429463616	0.00151147215959	0.00134437056934	0.00123720842648	0.00115044222354	0.000982447470603	0.000787482076106	0.000745811740161	0.000591735462371	0.000464303484543	0.000389314820774	0.000301026597363	0.00015008100805	8.77974901442e-05	0.0	0.0	0.0	0.0	0.0	0.0	0.0	0.0	0.0	0.0	0.0	0.0	0.0	0.0	0.0	0.0	0.0	0.0	0.0	0.0	0.0	0.0

Species	0	0

Site	64	64
SAMPLE_112509	0.192214378398	0.0596462281846	-0.0239876487122	0.0219876313666	-0.0811392829901	0.0230481389631	-0.0398721223317	0.0100039306634	-0.0419700245933	0.0344243765261	-0.00367944902492	0.000421201899705	-0.00680017743827	0.0133427011448	-0.0305829537313	0.00391771836724	0.00900459944199	-0.0438817850131	0.0148937988998	0.0565170303824	-0.00433522828654	-0.00814651332568	-0.0114516462825	0.0160582758657	0.00464539462998	0.00868828286006	0.0121995917188	-0.0104014694708	-0.0128376913497	-0.00955387472088	-0.0048265271115	0.0376869261272	0.00975630105812	0.00450157325901	6.95927743546e-05	0.00881340890914	0.00561911984564	-0.00472484039775	-0.0102991574021	-0.00222334596347	-0.00216577444381	-0.00575378517545	-0.0	0.0	0.0	0.0	0.0	0.0	0.0	0.0	0.0	0.0	0.0	0.0	0.0	0.0	0.0	0.0	0.0	0.0	0.0	0.0	0.0	0.0
SAMPLE_112508	0.338168400101	0.186037882742	0.0431390959105	-0.00138379632739	0.16484122112	-0.042397381873	0.0371039659756	0.00559427008493	0.0438526036536	0.0358273958722	0.000807938111336	0.0090844571409	0.0248237331903	-0.0435650522869	0.0501393109096	0.0143582182034	-0.0248436911581	-0.00550515880145	0.0097924660063	0.00140744334297	0.0071654576252	-0.00332963144494	0.0146032430611	-0.0175855023066	-0.00865920561806	0.00966128271987	0.00509583796931	-0.00970443180682	0.000800516117236	0.00264575541762	-0.00621889817998	0.00610938571369	0.00645912008165	0.00867624172915	-0.00767121699994	0.0018460441112	-0.00126653596451	-0.00207633251596	-0.00257209427013	-0.000816432914222	0.00102544248176	-0.00302510654768	-0.0	0.0	0.0	0.0	0.0	0.0	0.0	0.0	0.0	0.0	0.0	0.0	0.0	0.0	0.0	0.0	0.0	0.0	0.0	0.0	0.0	0.0
SAMPLE_112525	0.29982571289	-0.0437203753306	0.131276706577	-0.0533125596335	-0.0301130617679	0.0211403966257	-0.0203127875027	0.019087229633	-0.0381261366482	-0.100510462448	-0.017843146828	0.0570474402341	-0.0184950221699	-0.0130281513165	-0.0416604492066	-0.0246010439175	-0.0177003425104	0.0101834105522	0.0198761644158	0.012621389415	-0.0162442813618	0.0132881635868	-0.0125965153752	0.00712573825667	-0.00465973645956	-0.0359504877436	-0.00558994540787	-0.00764917500737	-0.000326919890309	-0.00199593930286	0.0152958407806	-0.0200747402152	0.0072800983306	0.00643326546454	-0.00118129763705	0.00678627505695	0.00487089534089	-0.0006087492905	-0.00448731877088	0.00635955086206	0.00218250799769	-4.81771017611e-05	-0.0	0.0	0.0	0.0	0.0	0.0	0.0	0.0	0.0	0.0	0.0	0.0	0.0	0.0	0.0	0.0	0.0	0.0	0.0	0.0	0.0	0.0
SAMPLE_112524	0.220546563479	0.00377627234251	0.0629885524523	0.00090010638355	-0.0567991488918	0.0143083858275	-0.0272564252065	0.0571513861675	-0.0319204797946	-0.0560307521441	0.0140796183293	-0.010898948744	-0.0223303023311	-0.0181369292906	-0.0350216110407	0.0351399374172	-0.0458363475028	0.0213746578664	-0.0139419157481	0.0201577752676	0.0211489395348	0.00955865171777	-0.00520231566726	-0.0173658315423	-0.0132889084562	0.0241626512934	0.00802381252055	-0.00409845068672	-0.0306156786843	-0.00767916158465	-0.00102400189511	0.00784309260298	-0.0265585614568	0.0106237910668	-0.018562360673	-0.00488071584856	-0.00205803147654	0.00029304160923	0.00580646261222	-0.000890699931045	0.000194600180622	0.00283784074967	-0.0	0.0	0.0	0.0	0.0	0.0	0.0	0.0	0.0	0.0	0.0	0.0	0.0	0.0	0.0	0.0	0.0	0.0	0.0	0.0	0.0	0.0
SAMPLE_112523	0.316005359566	0.0322190682881	0.0451200041173	-0.0100254165866	0.0135466589838	-0.000800977502959	0.000781434070615	-0.00568445875267	0.0362793722236	-0.00580441707706	-0.0291688217489	0.0130707302517	0.00289127720391	0.0367020190906	0.0113133975375	-0.0154059225567	-0.0191735430944	0.0199417996231	0.0201005848856	0.00225508643141	0.0277265129094	0.00301901899198	0.0199645397858	0.00168285658842	-0.00231222985028	-0.00161663742841	0.0185172076889	0.0220368230784	0.00616363718394	-0.0198027719763	-0.0133455365765	0.00713919940119	-0.00293966601042	-0.00219152532182	-0.00292625558011	-0.00609687816083	-0.00742453982032	0.0106306527311	-0.00307218390613	-0.00350005797211	-0.00293920352934	0.00918243259428	-0.0	0.0	0.0	0.0	0.0	0.0	0.0	0.0	0.0	0.0	0.0	0.0	0.0	0.0	0.0	0.0	0.0	0.0	0.0	0.0	0.0	0.0
SAMPLE_112522	0.330702746801	-0.0106952998082	0.107915823355	-0.0274769352808	-0.0084520105363	-0.0319301069194	-0.0105873663174	-0.00344502592913	0.017508432924	0.0151401726783	-0.0755832750874	-0.017829196719	-0.00912411847582	0.0243559426998	-0.0173930967116	-0.0178794628163	0.00641807589503	-0.0358358450115	0.00727827423714	0.00770138492429	0.0178040593474	0.023890079469	0.00590168025932	-0.0226273132684	0.00370704998207	-0.0230261036712	-0.01511595695	-0.00540297883976	-0.00385422709251	0.00378911101246	0.00413876293926	0.00915845596724	0.00112284912555	-0.0181923947776	-0.0040688898897	-0.00343822319276	0.00396758217948	0.000195161760371	0.00197329019033	-0.0018085092292	0.00672805196757	-0.00123632145583	-0.0	0.0	0.0	0.0	0.0	0.0	0.0	0.0	0.0	0.0	0.0	0.0	0.0	0.0	0.0	0.0	0.0	0.0	0.0	0.0	0.0	0.0
SAMPLE_112521	0.317680159757	-0.080042597571	0.150950810563	-0.0794352113653	-0.0491362883083	0.00132555861841	0.0351543060332	0.049893089737	-0.0391727013467	-0.0355134231298	-0.01782324982	-0.067591013946	0.0341107345381	0.0229045292592	0.042439234044	0.00495585023019	0.0519598288209	0.00850083753695	-0.0291390681036	-0.0109514796519	-0.0136371745693	-0.0208221335598	-0.00367662269777	0.00182090816571	0.0134506873648	-0.010504765153	-0.00238960061464	0.0276995987602	-0.0102762812707	-0.0015647590024	-0.00337536758417	0.00495915495677	0.00529291965672	-0.00216665626421	-0.00332991973713	0.00367418822608	0.00339917893016	0.00336309309063	-0.00487177685035	-0.00874594292937	0.00267771782356	0.000853524447634	-0.0	0.0	0.0	0.0	0.0	0.0	0.0	0.0	0.0	0.0	0.0	0.0	0.0	0.0	0.0	0.0	0.0	0.0	0.0	0.0	0.0	0.0
SAMPLE_112520	0.230567965827	-0.011037103368	0.0397023162398	0.00723411870763	-0.0969234470052	-0.0308145730998	-0.0347427255905	0.0580287326819	0.0264640494193	0.0546689644031	0.0271374898986	0.0482817163483	-0.0321350508398	-0.0160575642386	-0.0149544110107	0.0553895664579	0.0525169072449	-0.0227529572747	0.00915806507487	-0.0680229922879	0.00136669296842	-0.00963092457036	0.0152427503526	-0.0307911781651	-0.0107420946856	0.00162447179317	-0.0017781774713	0.00425222529518	0.0107477609524	-0.0110408603073	0.00884279769191	-0.000233896259652	0.00473030401599	-0.00335741401691	-0.00591568111604	0.000901398534208	0.00585932557467	0.00479864112891	0.000836636448527	0.00186030289887	-0.00155832480659	-0.000490344968248	-0.0	0.0	0.0	0.0	0.0	0.0	0.0	0.0	0.0	0.0	0.0	0.0	0.0	0.0	0.0	0.0	0.0	0.0	0.0	0.0	0.0	0.0
SAMPLE_112501	0.0061068651051	0.0191856396334	0.0704139408807	0.0598260787751	0.124127569768	0.0703889762203	0.0319973652365	0.0171405677481	-0.00804712064992	-0.00777382148815	-0.00480931330982	0.0373208416092	-0.0234910459641	0.0100193200853	0.00386442748405	-0.0104056669047	-0.00523397560701	-0.0171269286353	-0.0210172091037	0.0135861359031	6.62572804039e-05	0.0207619316001	-0.00342703645484	0.0170569504853	-0.0255339790194	-0.00111181460257	0.0124063719786	0.00530257369102	0.0157161930974	-0.00503569607406	-0.00943303831063	-0.0109842958806	-0.00933907685442	-0.00356634234889	-0.0141042135719	-0.0084669475407	-0.00411325385364	-0.00214724984897	0.00255533144391	-0.00139931097873	0.00907168000529	-0.00320237567389	-0.0	0.0	0.0	0.0	0.0	0.0	0.0	0.0	0.0	0.0	0.0	0.0	0.0	0.0	0.0	0.0	0.0	0.0	0.0	0.0	0.0	0.0
SAMPLE_112500	0.205379808254	-0.0468624728692	-0.0482308090658	-0.0125432074737	-0.0187566375535	0.0886650692672	0.0364696606563	-0.0394036877237	-0.00804490843531	-0.00272422471914	-0.00463240573184	-0.0421194176411	0.0295840326001	-0.00896047666285	0.0110421895725	0.0185479269272	0.00290577868338	-0.0281990042577	0.0102515253544	-0.00563711080963	0.0382150596038	-0.0128188445829	0.0127316794175	0.0230080917398	-0.00482707116851	-0.00971726886048	0.0218387334382	0.00011373104095	0.0208561415717	0.00114955561646	0.0161079907574	-0.011339720827	-0.0115011284255	0.00672531638863	0.00293938763312	-0.00417056220532	-0.00281114766312	0.00694298025711	-0.00673462873754	0.00767693466119	0.00110583039355	-0.000790582086476	-0.0	0.0	0.0	0.0	0.0	0.0	0.0	0.0	0.0	0.0	0.0	0.0	0.0	0.0	0.0	0.0	0.0	0.0	0.0	0.0	0.0	0.0
SAMPLE_112503	0.109282231684	-0.0713076637788	-0.0462505088945	0.023590204869	0.0090141794127	0.111012806844	0.0414372758994	-0.0170245365053	0.0538023341752	-0.0141853120894	-0.0192724906192	-0.00049393043477	0.0290756402097	0.00891184327	-0.040425940996	0.0191068101483	-0.0169365866829	0.000101031401968	0.0381183445917	-0.0242568599259	0.00186591333531	0.00561919567939	-0.00140567810993	-0.0102387658001	0.0141825453561	-0.0202043335255	-0.0126363672122	0.00692504671168	-0.0138174754963	-0.00491148106959	-0.00839829841638	0.00233925260923	0.00118592795283	0.00561441457105	0.013033221625	-0.00248489686611	-0.00494180490469	-0.0144788961157	0.00295755859208	-0.0079002748576	0.00567459389677	-0.00168322360496	-0.0	0.0	0.0	0.0	0.0	0.0	0.0	0.0	0.0	0.0	0.0	0.0	0.0	0.0	0.0	0.0	0.0	0.0	0.0	0.0	0.0	0.0
SAMPLE_112502	0.0732851741986	-0.114786210602	-0.0786097676591	0.0731421131665	-0.0115865230212	0.0150291710729	-0.0576691294185	0.00420456136475	0.0559224854999	-0.0316516915918	-0.0272629919685	0.0402550863492	0.0438120261922	-0.00827384310505	-0.0315405939463	-0.0311022931083	0.0107037317617	-0.0217556430499	-0.040007410393	-0.00179042526662	0.0460291529949	0.0191307930388	-0.0012088107847	-0.00167130208478	0.0151264825097	0.0259837975018	0.00153536434809	0.0166783337007	0.00880857166566	-0.00409850795016	0.0153634773744	-0.00140093499144	0.0134072342824	-0.00606118612959	-0.00655897330945	-0.00739293988986	0.00983289876406	-0.00225774826927	-0.00287965944306	-0.000989509303761	-0.000848159709383	-0.000993414096229	-0.0	0.0	0.0	0.0	0.0	0.0	0.0	0.0	0.0	0.0	0.0	0.0	0.0	0.0	0.0	0.0	0.0	0.0	0.0	0.0	0.0	0.0
SAMPLE_112505	-0.134707785571	-0.0550235456729	-0.0260511675617	0.160489415745	0.00107152258025	-0.010504201253	-0.0401784647287	0.0301289579553	0.0376536710102	0.0166791129076	-0.0398288693118	-0.0547922480999	-0.0645785677392	-0.0193504692519	0.00950650549622	-0.018906162417	-0.0238884829634	-0.0145998525374	-0.0170668324568	0.0024605821994	-0.0157567834513	-0.00717456613183	0.0226834821948	0.0172810347431	-0.0154165990471	-0.00700105944728	-0.0233207489681	0.0179724747435	-0.0223761922244	0.0218790245745	0.0135938752854	-0.0138496897847	0.000439823295782	0.00824267208093	-0.00354218975099	0.00314116580451	0.00591581880308	-0.00531719975416	-0.00375843843112	-0.00451271605916	-0.00272729384357	0.00168238458535	-0.0	0.0	0.0	0.0	0.0	0.0	0.0	0.0	0.0	0.0	0.0	0.0	0.0	0.0	0.0	0.0	0.0	0.0	0.0	0.0	0.0	0.0
SAMPLE_112504	0.110374004043	-0.0705749369276	-0.10940557394	0.0234100972395	-0.0626117755737	0.0828996490107	0.0686568149012	-0.0162180648549	-0.0310538042544	0.0361903157774	0.0610108614867	-0.0551703793387	-0.0115086450724	0.00959276534984	0.0094946678774	0.00524831442643	-0.0239068054681	-0.0206313417494	0.0149428211817	0.0319807458432	-0.0296271819944	0.0197957319014	0.0123243381479	-0.0226539151917	0.0038559044485	0.0297235466984	-0.0070848419703	-0.00079300402616	-0.00828307504205	-0.00726561959645	0.0134771090541	-0.0127589616514	0.000785503800701	-0.0137803177235	-0.00573371551967	-0.00467760206958	0.00991175083236	0.0101341049435	-0.000530886027247	0.00061759971321	0.00312089961322	0.00136594848593	-0.0	0.0	0.0	0.0	0.0	0.0	0.0	0.0	0.0	0.0	0.0	0.0	0.0	0.0	0.0	0.0	0.0	0.0	0.0	0.0	0.0	0.0
SAMPLE_112507	0.0353397222032	0.0301052500439	0.0976313202985	0.0790312086245	0.142881889537	0.0794507754379	0.0432303492796	-0.00917674769032	-0.0135461531128	-0.0106843731246	-0.00213982372194	0.0498698792976	-0.0279756940611	-0.0118553299108	-0.00173993535777	0.00403962822169	0.00312920445973	-0.0173584570146	-0.0182821113626	0.0304256850818	0.0108422099827	-0.0199966146406	-0.00291385606675	-0.0213502035844	0.0392509665918	0.00544003033363	-0.0175926853327	-0.0120615119498	-0.00611081652112	0.00734327754166	0.0138783872557	0.000527357861369	0.00638641649092	0.000851137486819	0.0154746390766	0.00658231414866	0.00219043488301	0.00958452008107	-0.00327678034442	0.00111215723229	-0.00807718504108	0.00275887541362	-0.0	0.0	0.0	0.0	0.0	0.0	0.0	0.0	0.0	0.0	0.0	0.0	0.0	0.0	0.0	0.0	0.0	0.0	0.0	0.0	0.0	0.0
SAMPLE_112506	0.259805056779	-0.145628099659	-0.0269177702495	0.0113376815824	-0.0447546353098	0.015253655398	0.0320507518621	-0.0242203455212	0.0342459347257	0.0153830553799	0.0446531366044	-0.00216645504014	0.0309726852679	-0.0102657926024	-0.034253100401	-0.0461790436727	-0.0257859369065	0.000466923327908	-0.0277313589171	-0.0100165659656	-0.00688282389686	-0.0190697619183	0.0295375524797	0.0167085392922	0.00555130705305	-0.0129632534557	0.0020623807321	0.00544485846794	0.0100787043817	0.0141694350865	-0.0208752543713	0.0007802249874	-0.00554508932027	-0.00354701369688	-0.0105457973131	0.0156990921183	0.00189364889905	0.00494434352267	0.00289884295053	-0.00191980340519	-0.00311421318222	0.000937128744472	-0.0	0.0	0.0	0.0	0.0	0.0	0.0	0.0	0.0	0.0	0.0	0.0	0.0	0.0	0.0	0.0	0.0	0.0	0.0	0.0	0.0	0.0
SAMPLE_112488	-0.241076694309	-0.12947474116	-0.0306237950343	0.0127674084729	0.0187828505134	-0.0144365477664	-0.0782320212005	0.0231200624274	-0.0247031959107	-0.00430123894514	-0.0214833882129	0.00912523782465	0.0317146186536	0.0570295035639	0.0322060665695	-0.00444635555765	-0.0246968325103	0.0147456023685	0.0594451915441	-0.000117543307264	0.0115503581218	-0.00164198167805	0.0143265024558	-0.00910133050711	0.0297480845207	-0.0106767482959	0.0185038430878	-0.0016120928331	0.000869848169567	0.0112557239364	0.00579914331189	0.00823933871486	-0.00420073715226	0.0037626214788	-0.00731346070539	-0.000939666730771	-0.00388204008513	0.00661197369116	-0.00238333050954	-0.00110764062571	-0.0020965606778	-0.0039764946726	-0.0	0.0	0.0	0.0	0.0	0.0	0.0	0.0	0.0	0.0	0.0	0.0	0.0	0.0	0.0	0.0	0.0	0.0	0.0	0.0	0.0	0.0
SAMPLE_112489	-0.258544804506	-0.07366147162	-0.0180853198428	0.0484050428927	0.0439858686012	-0.00778207048477	-0.0267696849197	0.037572862938	-0.0261711004137	-0.0159801896649	0.0465780056981	0.0107762112095	0.00460639273253	0.0294465702822	0.0253203933319	-0.0336116459869	-0.0120753319348	-0.000246786914281	-0.0408793445468	-0.0059405356332	-0.00885488682528	-0.0353181353491	-0.0296012821282	-0.0145512073911	0.000517467778484	0.00554078458129	-0.0100451668223	0.0167604632747	0.0164781801714	-0.0137359775947	0.00964220958861	0.0131596067877	0.0078158734144	0.0162543221629	-0.00797390582746	-0.0128150459168	0.00253482971261	-0.000659150656073	-0.00027774223612	0.00610962985045	0.00624479535552	-0.00400827028048	-0.0	0.0	0.0	0.0	0.0	0.0	0.0	0.0	0.0	0.0	0.0	0.0	0.0	0.0	0.0	0.0	0.0	0.0	0.0	0.0	0.0	0.0
SAMPLE_112533	-0.0407905185104	0.165438933657	-0.117811044775	0.00202668277264	-0.0286428167664	-0.0579494006396	0.0398049045347	-0.0316179310981	0.0360424913793	-0.0242808847018	-0.0256067132474	-0.0160539289312	-0.0360114716199	0.0711163505861	0.0019112173384	0.00372519250605	-0.0384902464553	0.0276391773	0.00632049033634	-0.02537565818	0.019493995977	-0.0184817255956	-0.0147760819793	-0.0150591788356	-0.000790359781561	0.0176845534202	-0.00435294758456	-0.00483040609735	0.00496784958794	-0.00558394191843	0.0105793063652	-0.0114623665759	-0.00550105977053	0.0098815640275	0.00778988090122	0.0015765075875	0.0104494287506	0.00388737515267	-0.00843541815227	-0.00119198902692	0.00192910591229	0.000327186857466	-0.0	0.0	0.0	0.0	0.0	0.0	0.0	0.0	0.0	0.0	0.0	0.0	0.0	0.0	0.0	0.0	0.0	0.0	0.0	0.0	0.0	0.0
SAMPLE_112480	-0.300782227731	-0.00192085193188	0.057226865966	0.0740530785252	-0.0991319116282	-0.0219048883777	0.0634500842606	-0.0302747942167	0.020179619574	0.0180188006324	-0.0548974738035	0.0012742934558	-0.0087358153815	-0.0334364329487	-0.0234827521903	-0.0109470480205	0.00389532735443	0.0256694967752	0.00271614057827	0.0160261745434	-0.0130053834938	-0.0204065120786	0.025829272846	-0.00146410195216	0.00880544014511	-0.0048080192969	0.00489130489311	-0.00250299188351	-0.00510465874972	-0.00192972146663	-0.00653332653908	-0.0133068534378	0.00474253506936	0.00532394865132	0.00185066667656	-0.0148032002165	-0.0106739419563	0.0115232383286	0.00607964172566	0.00951226060801	0.00463813494662	-0.00683981731388	-0.0	0.0	0.0	0.0	0.0	0.0	0.0	0.0	0.0	0.0	0.0	0.0	0.0	0.0	0.0	0.0	0.0	0.0	0.0	0.0	0.0	0.0
SAMPLE_112481	-0.287824930808	0.0113705258624	0.0534981995095	-0.0933707284798	-0.0189960675855	0.0362424558994	-0.0647489993184	-0.0261141788274	0.0144941108664	0.0516556962926	0.0286127307363	-0.0127183598695	0.0177314228283	0.0211603493069	-0.00486220966323	0.0234417657791	-0.035045713856	0.00820871542184	-0.000444911295102	-0.0198207692115	0.0151255066096	0.00923474518193	-0.0010165143033	0.0172979864896	0.0336018236706	0.00200923505617	-0.00693333862264	-0.0157841268984	0.00559697237856	0.00434405973073	0.00299677414518	-0.0179484315786	-0.00304688312227	-0.0069892540741	-0.0142585568587	0.0015500938998	0.00334007753205	-0.0222045940847	-0.00673328316101	-0.000404672991209	-0.00141849574333	-0.000597220213053	-0.0	0.0	0.0	0.0	0.0	0.0	0.0	0.0	0.0	0.0	0.0	0.0	0.0	0.0	0.0	0.0	0.0	0.0	0.0	0.0	0.0	0.0
SAMPLE_112482	-0.308215687951	0.038099057571	0.0654729484341	-0.0698669330433	0.00437347992737	0.0206520341532	-0.0218776067326	-0.0308929627437	-0.014134346163	0.00399570399444	0.0366164241479	-0.00794008312889	-0.00432115219718	0.0113045943295	-0.00243357628822	0.0252364001587	-0.001717856504	0.00109847706661	-0.0332864360035	0.000998380404951	0.013860593829	0.0111785339906	0.0273704373743	-0.00879716045753	-0.00912180051843	-0.0256772607851	-0.00629418321885	0.00036735313503	0.000448828923559	-0.00855002319152	-0.0184363958315	0.00950814828584	-0.00978791638502	0.00783922103649	0.00564895975177	-0.0194688848062	0.0251696135312	-0.00474229167052	0.00616847797281	0.00598370062158	-0.00258799408651	0.00154896604205	-0.0	0.0	0.0	0.0	0.0	0.0	0.0	0.0	0.0	0.0	0.0	0.0	0.0	0.0	0.0	0.0	0.0	0.0	0.0	0.0	0.0	0.0
SAMPLE_112483	-0.318188002966	-0.00176517135638	0.0330552456208	-0.0055984484276	-0.000876833779883	-0.0497524287115	0.0426761367555	0.00743659388837	-0.000611461570824	-0.0196935411214	0.0532780949866	0.0089614257304	0.0147915582447	0.00153777986211	-0.0244918097638	-0.00218988447993	0.020035487962	-0.0162942615807	0.0180846109527	-0.00976327520119	0.00210374538355	0.0252435330571	0.00515311194391	-0.00548981735398	0.00616391212856	0.0145084064975	-0.042182961251	0.0233350578379	-0.00778050337127	0.00217217196223	-0.00585048772109	-0.000356693273689	-0.0287256503842	-0.0087525798528	-0.00333203148887	0.00236691966598	-0.0219293771899	0.00263408942786	-0.0144677967414	0.00493749548221	-0.00107666813172	-0.00413155555722	-0.0	0.0	0.0	0.0	0.0	0.0	0.0	0.0	0.0	0.0	0.0	0.0	0.0	0.0	0.0	0.0	0.0	0.0	0.0	0.0	0.0	0.0
SAMPLE_112484	-0.29300675739	0.0383742652638	0.0655007146861	-0.0755102044989	-0.00177598098579	0.0462533142927	-0.0458010523846	-0.0256965816597	-0.00760444551655	0.0176222801029	-0.0128829628428	-0.0105243487782	-0.0173913250314	0.00112861114788	-0.00272087030192	0.00811539043166	-0.0162817649205	-0.0131374931556	-0.00931028964396	-0.0240227577855	0.0202989369766	-0.0145966490549	-0.0205560549191	0.0276504490438	-0.0085298313096	0.0102794481219	-0.0161452174431	0.00292644706801	-0.00669428733951	-0.0184719742825	-0.0227333308511	-0.000414586195671	-0.00534507330376	0.0178063863238	0.0125095842233	0.0236579790791	0.00116389157858	0.0168568258966	8.41800913813e-06	-0.00459558238063	0.00496183321611	-0.00250226640592	-0.0	0.0	0.0	0.0	0.0	0.0	0.0	0.0	0.0	0.0	0.0	0.0	0.0	0.0	0.0	0.0	0.0	0.0	0.0	0.0	0.0	0.0
SAMPLE_112485	-0.251376947975	-0.0232211416751	0.0260870138975	-0.0877819499054	-0.0233901547025	0.0639652739216	-0.0617231275779	0.00397572986149	0.0348159131937	0.0310244944676	-0.00688096242618	-0.00276727816893	-0.0091947265481	0.00509962743418	-0.00787693019223	0.0259894524208	0.0127918068348	0.0207617114449	-0.0104696368887	0.0211074527539	-0.0136368942549	0.0328863641081	0.014686059225	-0.0109329565053	-0.0150923987808	0.015633239466	-0.00789426156272	0.00953500962506	0.0105216420972	0.0260260695244	-0.00691704983359	-0.000172492334409	0.017765904676	0.0167403918219	0.0161083646455	-0.0136729249357	-0.00522008074686	0.00304801617785	0.00122354277642	-0.000971165461609	-0.000248493916905	0.000223605480342	-0.0	0.0	0.0	0.0	0.0	0.0	0.0	0.0	0.0	0.0	0.0	0.0	0.0	0.0	0.0	0.0	0.0	0.0	0.0	0.0	0.0	0.0
SAMPLE_112486	-0.289101106024	0.0425747219778	0.0508261642911	-0.0924173551231	0.0266331260286	0.0481090084034	-0.0297243087445	-0.0310021776705	-0.0294266853088	0.00826411632508	0.00944139982362	-0.0207878808774	-0.0354378579586	0.00709228564077	0.019212867638	0.0282135593261	-0.0115227842269	-0.00506733123716	-0.0438220338439	-0.00109945546116	0.012576033538	0.0250542463329	0.00447285588948	0.00267814197761	0.00638551858178	-0.011723526562	-0.00571314407176	-0.0145099662454	0.00677632471293	-0.000402555330081	0.0126366424651	0.00210220396316	0.0257892682067	-0.0128924110584	-0.0164381496056	0.0125445652515	-0.0193829230732	0.00924580699331	0.00113093105261	0.00149336176543	0.00176831514997	0.00272596115845	-0.0	0.0	0.0	0.0	0.0	0.0	0.0	0.0	0.0	0.0	0.0	0.0	0.0	0.0	0.0	0.0	0.0	0.0	0.0	0.0	0.0	0.0
SAMPLE_112487	-0.282391588416	0.105244519917	0.0755401761976	-0.0769476293852	-0.0128257851771	0.00533217029111	-0.0369477280423	-0.0611933230815	0.029044638762	-0.0202415776189	-0.0168159656545	-0.00164535282151	-0.0184271576762	-0.00383259403785	0.0273294355011	-0.0436293045646	0.011422133389	0.03374799852	0.0426979281181	0.0270081163654	-0.0046236907054	0.00511865790481	-0.0153459401554	0.006252586408	-0.00327963706445	0.0083867372255	-0.00953477082179	0.0186856852297	-0.00502220159371	0.00134268849186	-0.0083066498048	0.00528023629413	0.00891329906958	-0.0104886928876	-0.00347392143817	-0.00836838959984	0.00778716133364	0.00091189218367	0.000408167990217	0.00217719914487	-0.00558521633126	-0.0014377757936	-0.0	0.0	0.0	0.0	0.0	0.0	0.0	0.0	0.0	0.0	0.0	0.0	0.0	0.0	0.0	0.0	0.0	0.0	0.0	0.0	0.0	0.0
SAMPLE_112479	-0.28710117013	0.00960722249677	0.0691545850688	0.0375004302471	-0.0714355851093	-0.0218852232067	0.0875868549576	-0.0474864131734	-0.0218172828978	0.0229765837545	-0.0486174950405	0.0195386924453	-0.00660122560163	-0.0507787711856	0.0362190640741	0.0272283184845	-0.0370141921213	0.00292874743957	-0.00610894133683	-0.00102346496347	-0.0141997412032	-0.00217467768226	-0.0166470624627	-0.0124279584402	0.0109295237808	-0.0107843766518	0.00875552227821	0.0285991540112	0.0111349242987	5.42057204876e-05	0.00665630093702	0.0196345053084	-0.00895694791494	-0.000954383373157	-0.0028024997257	0.0158212756699	0.0056689422149	-0.0143890225609	0.00165102685601	0.0110539597734	0.00114818260936	0.00278993247241	-0.0	0.0	0.0	0.0	0.0	0.0	0.0	0.0	0.0	0.0	0.0	0.0	0.0	0.0	0.0	0.0	0.0	0.0	0.0	0.0	0.0	0.0
SAMPLE_112478	-0.313031185837	0.0326194900404	0.0687879838409	-0.043591736244	-0.0131382057256	0.0115891614007	-0.0010222952866	-0.0103484194126	0.0122453158483	-0.00313697965856	-0.00820065813212	-0.00313264491011	0.0107090505234	-0.00953872820656	-0.0209625247884	-0.00361338053119	0.0258866709853	-9.48605292572e-05	-0.014479096079	0.00787763371784	0.00460995871035	-0.0277757782381	-0.00042187067824	-0.021013092183	-0.014193128726	0.0059752824332	0.0379192375577	-0.00448997143349	-0.0162219916364	0.00320103818476	0.00360167022191	-0.00348116994178	0.000675198940562	-0.00221519683101	0.00764652938828	-0.0078864566489	-0.00840418725966	-0.00670727055531	-0.0235271689838	0.00630394099115	0.00161428599103	0.00524738814113	-0.0	0.0	0.0	0.0	0.0	0.0	0.0	0.0	0.0	0.0	0.0	0.0	0.0	0.0	0.0	0.0	0.0	0.0	0.0	0.0	0.0	0.0
SAMPLE_112538	0.215690853727	0.128556562347	-0.0318220381159	0.00808953478773	-0.0816249703827	0.0085059064654	-0.0570326706578	0.0113526098436	-0.0241544313624	-0.0385892574137	0.0476944791326	0.0310231370388	-0.0356251118401	-0.0367597159419	0.0164573292086	0.00416998061861	-0.0277991344443	0.00169257831719	0.0175576304616	-0.0014685511212	-0.0163149296335	-0.0114258294944	-0.0165899869904	0.0121851215941	0.0142777523569	-0.00588873892221	-0.00509475145575	-0.0019022381477	0.0267997029113	0.0181766299485	0.00757069675557	0.00920214522657	-0.0107628750016	-0.0014469938174	0.00631141089332	-0.0165504912727	-0.00880123654176	0.00499581625131	0.00321575734702	-0.0108425572152	0.00113119830196	0.00380370464109	-0.0	0.0	0.0	0.0	0.0	0.0	0.0	0.0	0.0	0.0	0.0	0.0	0.0	0.0	0.0	0.0	0.0	0.0	0.0	0.0	0.0	0.0
SAMPLE_112527	-0.201607383013	-0.0936539112584	-0.0459237178258	-0.0300273633637	-0.0162173856663	-0.0168604995147	0.0168998389106	0.0292243598594	0.0162042916221	-0.00833667282687	-0.0379316702118	0.0308227536805	0.0175197952551	0.013649784054	0.0198467095438	-0.00745066915175	0.00108599455353	-0.00948754213698	0.0132404216998	0.01714736453	0.00993464062649	-0.00591159393418	0.0227266568506	0.0242145582034	-0.0206413641117	0.0108436382438	-0.0268529146936	-0.0160042728596	-0.00453687292524	-0.0451566027679	0.0132250434533	-0.00274459942868	0.00374265494471	-0.00969717734748	0.0115486159322	0.00429722970353	-0.00117670022656	-0.00530927442614	0.00948996678166	0.00372020470814	-0.0012655828673	0.0047539629166	-0.0	0.0	0.0	0.0	0.0	0.0	0.0	0.0	0.0	0.0	0.0	0.0	0.0	0.0	0.0	0.0	0.0	0.0	0.0	0.0	0.0	0.0
SAMPLE_112526	-0.194427138338	0.0431978560022	-0.00375323172473	-0.00158963508964	0.0506413887804	-0.0474838062327	0.0425595929663	0.0415640671267	-0.00102351931094	-0.0723788425034	0.00704022085509	-0.0231090205267	-0.000144759477589	0.0272725531383	0.00189235629127	0.0679316082119	0.0170149405005	-0.0356080885572	0.0105825705405	0.0273926765886	0.00272058260956	-0.0215565191959	0.0259237221338	0.0266941118306	-0.0020242970847	-0.0153365288497	-0.00277663026148	-0.0153750530508	0.0121545432111	0.0108229149708	0.00139697545528	-0.000934704181782	-0.00913097411772	-0.000491514618481	0.00014724498466	-0.00619811103825	0.00925428376731	0.00141046523592	0.000895721563857	-0.000432200863912	-0.00326405903304	-0.00380873262789	-0.0	0.0	0.0	0.0	0.0	0.0	0.0	0.0	0.0	0.0	0.0	0.0	0.0	0.0	0.0	0.0	0.0	0.0	0.0	0.0	0.0	0.0
SAMPLE_112530	0.255154523262	0.113194714366	-0.0624761500642	-0.0125796467528	0.00284586313342	-0.0590452987251	0.0380193608872	-0.0131070988394	-0.0567682170653	0.0648324912486	-0.00386323425224	-0.0614918400986	-0.0610548367088	-0.00470138395365	-0.0542986321846	-0.0128112695554	0.0206683413819	0.046439815239	0.00243825205083	0.0191692496895	0.0441843995485	-0.0174939474882	-0.00996247026846	0.00626367583083	0.00630883227403	-0.00658234214115	-0.00278406497161	0.00480181427492	0.0249119510045	-0.00344624211925	0.00881312019377	-0.00617537253076	0.00330228973838	-0.00445195127813	-0.000635719178224	0.00167096137642	-0.000414826743815	-0.00371553143345	0.00260194822066	-0.000890472317198	-0.000534165981255	-0.00149015246756	-0.0	0.0	0.0	0.0	0.0	0.0	0.0	0.0	0.0	0.0	0.0	0.0	0.0	0.0	0.0	0.0	0.0	0.0	0.0	0.0	0.0	0.0
SAMPLE_112531	0.220857924233	-0.120887507602	0.121078726127	0.0137582106474	0.0312174680223	-0.0117027441235	0.0450838504042	0.0517990563147	0.0418715387636	0.0800527445805	0.0623931911131	0.0339198636843	-0.057466877045	0.0188739690842	0.0163558473547	0.00942863015351	0.00543947389174	0.0339309688061	0.0326478188461	-0.0121880213905	-0.0102173761967	0.00821231756331	-0.00609546917074	0.0416311663069	-0.00130640146159	-0.0062780642465	0.0111635675888	0.00545846546166	-0.0200429116258	-0.00313182553519	0.0170965307256	0.00270627381491	0.0100133669513	0.00253463127656	0.00409906414559	-0.00653282507426	0.000934834438909	-0.0012068078718	-0.00379389265634	-0.000475464814033	0.00218970612511	-0.000248610683804	-0.0	0.0	0.0	0.0	0.0	0.0	0.0	0.0	0.0	0.0	0.0	0.0	0.0	0.0	0.0	0.0	0.0	0.0	0.0	0.0	0.0	0.0
SAMPLE_112518	0.249524015166	-0.189186855046	0.056345666566	-0.0525014749095	0.0142808592652	-0.0931334289394	0.0226648353402	0.0705883844335	0.0345675703634	0.0154060446933	0.0302845501867	-0.0609585438596	0.00710859635263	-0.0301573153201	0.0448314482152	-0.0213659594159	-0.0135313578332	-0.0195942961795	0.00333335250849	0.0166031468727	0.0458498894773	0.0171584857538	-0.0340668570985	-0.00583552085607	0.00556127466101	0.000583010999533	-0.00604727915107	-0.00547110508193	0.000251173973212	0.000951301136939	-0.00756496101286	-0.00564310124613	-0.00399141043614	0.00665313129573	0.0127663624378	-0.00451892170949	-0.00789435629367	-0.00606900302137	0.00651797490042	0.0064323222728	-0.00457449392106	-0.000573797634395	-0.0	0.0	0.0	0.0	0.0	0.0	0.0	0.0	0.0	0.0	0.0	0.0	0.0	0.0	0.0	0.0	0.0	0.0	0.0	0.0	0.0	0.0
SAMPLE_112519	0.352700959955	0.104261693145	0.0786083455096	-0.0143178959636	0.001040464401	-0.042618166342	-0.0103172160387	-0.0117158586314	-0.0064884960321	-0.0204318466055	-0.00811932214866	-0.0339132841226	0.0540346719747	0.014428676796	0.00296457843571	0.00075494582657	-0.00348225952522	0.0148181515322	-0.0184231151562	-0.014955472129	-0.0439899629244	0.0151688501636	-0.0231662768666	0.0035302151913	0.00344062806688	0.0205016247429	-0.00904669682839	-0.0143922236667	0.00538407334597	0.00922588664097	0.00713468091286	-0.00456637313067	-0.00126871328727	-0.0154242330277	0.0176942078116	-0.00208923399601	0.00847267649956	0.000435196398036	0.00091735882406	0.00238726671927	0.00637485129474	-0.000722606052113	-0.0	0.0	0.0	0.0	0.0	0.0	0.0	0.0	0.0	0.0	0.0	0.0	0.0	0.0	0.0	0.0	0.0	0.0	0.0	0.0	0.0	0.0
SAMPLE_112534	0.081102450625	0.178968947777	-0.103588947217	0.0385482889348	0.0249070230843	-0.0101770059007	0.0135107295786	0.0103384691404	0.00524204556438	-0.0508579101076	0.0102062940584	-0.0324782574918	0.0391038425205	-0.0393401436123	0.0144868928114	0.00585479264847	0.0065435387748	0.0635209675905	-0.0202939596106	-0.0105707819492	-0.00264697087633	0.0202382422442	0.0270648518965	0.0267535084352	0.00512454953961	-0.00417875690728	-0.00482659098695	0.00651666163127	-0.0121911561643	-0.0154014049216	0.00568757924417	0.0137608981297	0.0141395542682	-0.00241128375552	-0.00978431001534	-0.00224874447929	0.00164537754357	0.00155259741776	-0.00486343534023	-0.000640009943209	-0.00259012665681	-0.00313915331816	-0.0	0.0	0.0	0.0	0.0	0.0	0.0	0.0	0.0	0.0	0.0	0.0	0.0	0.0	0.0	0.0	0.0	0.0	0.0	0.0	0.0	0.0
SAMPLE_112535	-0.0777889885166	0.0633824743121	-0.0522399717702	-0.0340165343329	0.0405747238829	0.0308668328792	-0.0114924477774	0.0663965913773	-0.063253117406	0.0233877426172	-0.0463383690551	0.00625964177242	0.0430801120446	-0.00136675525124	-0.0206946695265	0.0115195664772	-0.0349431643058	-0.00816408100966	0.012226260123	-0.0388990149511	-0.0106299038078	-0.0402564822911	-0.0237997520495	0.0117555132019	-0.021304923018	-0.00168921438975	-0.0113502865988	0.00894375558954	-0.010336164818	0.0127668739442	-0.00504691559145	-0.00259922436029	0.00653273850571	-0.02669680693	-0.00265278573405	-0.0121877809865	-0.00227158117906	0.00540076194764	0.00389605035129	0.00889706026046	-0.00793302298505	0.000713668408013	-0.0	0.0	0.0	0.0	0.0	0.0	0.0	0.0	0.0	0.0	0.0	0.0	0.0	0.0	0.0	0.0	0.0	0.0	0.0	0.0	0.0	0.0
SAMPLE_112536	0.117485315995	-0.0942109051888	-0.130154685782	0.0114710477138	-0.0471112419871	0.0157876816623	-0.0086175819605	0.0106368280023	0.0246524442903	0.024618392112	0.00426769928736	0.000285827434203	0.0425360245759	-0.0166114746109	0.00142505003675	0.000448804507515	0.00554598864788	0.0235133076124	-0.00841305188724	0.0172180951865	0.00458225126382	-0.0250971937476	-0.0245872370499	-0.00945344056138	-0.0254933681222	-0.0209994948502	-0.0232958743011	-0.0410685915379	-0.000731603333101	-0.00100314196894	-0.0093501395492	0.000830188178499	0.0121711244829	0.0107768879072	-0.00985920174566	-0.0047820698146	-0.00986729423881	-0.00324194633265	-0.00651744850903	-0.000679719984744	0.0020057476416	0.00177537660324	-0.0	0.0	0.0	0.0	0.0	0.0	0.0	0.0	0.0	0.0	0.0	0.0	0.0	0.0	0.0	0.0	0.0	0.0	0.0	0.0	0.0	0.0
SAMPLE_112537	0.058587435461	-0.123041187729	-0.196903222727	-0.164343621114	0.0624877429036	-0.156457651236	-0.000610311595652	-0.0198266622883	0.0504015164295	-0.00412497502422	-0.0247480332287	0.0456206982527	-0.0419226829467	-0.0195411236621	-0.022113166484	0.0247789517248	-0.0243330236199	-0.0194682510361	-0.0295044519757	0.00161768055938	-0.02916831868	0.00171581853434	-0.00822082338238	0.015182298953	0.0059352367508	-0.00499229104288	0.00697982656347	0.0089523115075	-0.0111460378164	0.00475330951543	-0.00545426575514	0.00224461759047	0.0010992655561	-0.0029953788238	-0.00134512949938	-0.000970586273148	0.00366576639221	0.00536620316469	-0.00739967076515	-0.00190280087435	0.00131173580853	-0.000515399226846	-0.0	0.0	0.0	0.0	0.0	0.0	0.0	0.0	0.0	0.0	0.0	0.0	0.0	0.0	0.0	0.0	0.0	0.0	0.0	0.0	0.0	0.0
SAMPLE_112512	0.0655436751109	0.154914364631	-0.0259895443219	0.0805774005309	-0.0234293587426	-0.0155284858453	-0.0604581954902	-0.0276745743376	-0.00353867621252	0.0257589952163	-0.00368181567013	-0.0181512484411	-0.00101114717204	-0.00768205228679	0.0367567491472	-0.0326755811979	0.00605064456825	-0.0413414191447	0.020699112257	-0.00351475513962	-0.0211698283092	0.0320591407451	-0.0106259484561	0.0131950159494	-0.0338346730691	-0.0086849941285	0.0130530137093	-0.01100774549	0.00667334473758	-0.0029407719077	-0.00938430707705	-0.00561967840044	-0.00854567535301	-0.00475881890355	-0.00175865888999	0.00243914878299	0.00500265935818	0.0031346140749	-0.00874372843252	0.00432943485754	-0.000767344245287	0.00109207241058	-0.0	0.0	0.0	0.0	0.0	0.0	0.0	0.0	0.0	0.0	0.0	0.0	0.0	0.0	0.0	0.0	0.0	0.0	0.0	0.0	0.0	0.0
SAMPLE_112513	0.217794764009	0.142885548093	-0.0103042218878	0.0337427521578	-0.0347681698798	-0.0245734592823	-0.0402656264681	-0.0147599254164	-0.0298140918802	-0.0333474911918	0.0538812704158	-0.00224996584793	-0.00274609301426	-0.024850605358	-0.00839116823201	-0.000359558410005	0.00925640628872	-0.0192382425728	-0.00897821128122	-0.00114994664701	0.0372235735832	-0.00648825431281	0.000717916386785	0.0147253491951	0.0124836397415	0.0070545945134	0.0145780060111	0.00992613484771	-0.0215344153425	0.0134042947033	-0.0206597066263	-0.0172349944843	0.015742705953	-0.00373383160759	0.0129917588432	0.00183848299961	-0.000612959481786	-0.00379359336804	0.00605764793149	0.00468688304115	0.000937370573811	0.000539827146142	-0.0	0.0	0.0	0.0	0.0	0.0	0.0	0.0	0.0	0.0	0.0	0.0	0.0	0.0	0.0	0.0	0.0	0.0	0.0	0.0	0.0	0.0
SAMPLE_112510	0.24425261972	0.054474136591	0.00331557540688	0.0330778663304	0.0139893750603	0.0733962389174	0.019075671352	-0.0253336351791	0.0385700202956	0.0229074715665	0.00352149015	0.0302664276661	-0.0106458747698	0.0414735254889	-0.00707507365721	0.00779194248119	0.0324989867144	0.0187752938467	0.0104759198526	0.0261938502757	0.00100996686549	-0.016105699769	-0.0258245236857	-0.015262276052	-0.0177486762781	0.00107452449795	-0.0200561692578	0.0102242665666	0.00599248277328	0.014121739295	-0.0177341852795	-0.00100769511006	-0.00399498018607	-0.00383191138161	-0.0164794542579	0.00713566372863	0.00469143884149	-0.000848504798116	0.00484836332713	0.00198118792444	-0.00409171439757	-8.32682441537e-05	-0.0	0.0	0.0	0.0	0.0	0.0	0.0	0.0	0.0	0.0	0.0	0.0	0.0	0.0	0.0	0.0	0.0	0.0	0.0	0.0	0.0	0.0
SAMPLE_112511	0.302425037766	-0.0919491784821	0.0332163795055	-0.0822546651084	0.0224353304596	0.0663079804211	0.0890172156163	-0.0309599430832	-0.0231077078874	-0.0231025746189	-0.0185067723788	-0.0162759354332	-0.0165954472153	0.0042096405574	-0.0131990951711	-0.0107496675085	-0.029673659559	-0.00303484514132	0.00235160247279	-0.0369254317887	-0.0260335839374	-0.00259230176485	0.019197859982	-0.0052422735826	-0.0151059502646	0.0286026718798	0.00924262978003	-0.0205312258769	0.00206011119314	0.00736408000889	-0.00628814426763	0.0166720938852	0.0120891563848	0.00156051598392	0.0031543898458	-0.00239245922596	-0.00416233562354	-0.00698369796181	0.00123484502071	-0.00172154436646	-0.00416360671271	-0.00254440540347	-0.0	0.0	0.0	0.0	0.0	0.0	0.0	0.0	0.0	0.0	0.0	0.0	0.0	0.0	0.0	0.0	0.0	0.0	0.0	0.0	0.0	0.0
SAMPLE_112516	0.300518125155	-0.309677139917	0.0871178654815	0.0207075904531	0.0525866964679	-0.137638475504	-0.0743923039424	-0.0920255735782	-0.0505565715581	0.024789983506	-0.025609348436	0.00266613834048	0.0147055709484	0.00803699877513	-0.0125005909242	0.0117711263842	-0.0018486625863	0.00816524747957	-0.0029354631283	0.0171897299406	-0.0100174089193	-0.0133682887248	0.0199998975873	-0.00811381043148	-0.00607428544707	0.0160419567887	-0.00356386716016	-0.000992215955412	0.0108211710581	0.00285390100822	-0.00301436619548	-0.00104275441525	-0.00669941470437	-0.000154834405844	0.00130906734147	-0.00188734479598	-0.00289362995824	0.0006454956843	0.00176207840552	-0.00111650755179	0.000822186588651	0.000798520507354	-0.0	0.0	0.0	0.0	0.0	0.0	0.0	0.0	0.0	0.0	0.0	0.0	0.0	0.0	0.0	0.0	0.0	0.0	0.0	0.0	0.0	0.0
SAMPLE_112514	0.310891818501	0.102737828681	0.0618124000899	0.0101356671565	-0.0165939110054	-0.0178762379965	-0.0262717108167	-0.0289858417578	-0.00287248872955	0.00548867192084	0.00185732922732	-0.00483227703097	0.0384488941879	0.0275543741395	-0.00916718629153	-0.00285591077444	0.00568332805043	-0.0102873279302	-0.0126781651741	-0.00821411837148	-0.0488212592882	0.0136335611072	-0.000639844436231	-0.00256340476124	0.000555006937134	-0.00279378643423	0.00224769097374	0.0061785267467	0.00545735785402	-0.015466140823	0.0149480252794	-0.0194852553145	-0.000398852766978	0.0334485910955	-0.00329398621901	0.00621876396976	-0.00803974722987	-0.00247667277224	0.00307362675042	0.00275059996644	-0.0122194781118	-0.00122219758754	-0.0	0.0	0.0	0.0	0.0	0.0	0.0	0.0	0.0	0.0	0.0	0.0	0.0	0.0	0.0	0.0	0.0	0.0	0.0	0.0	0.0	0.0
SAMPLE_112515	0.25767199325	0.14081025401	0.0125588564637	0.0544435813692	0.0291588967437	0.0393039560582	-0.00183541957208	-0.0406435769285	0.036441279426	0.0379905474845	0.031760719222	0.0479736960511	0.0247501275178	0.018399280053	-0.00140719370993	-0.0124409956537	0.0126971365353	0.004161301353	-0.0261475904528	-0.00974669646776	-0.00298001157497	-0.0108622959391	-0.000593179521698	0.0265704571328	0.0171076902547	0.00164079463157	2.79599828395e-06	-0.00465607091446	-0.00930501657057	-4.80862736574e-05	-0.00016911546808	0.0053642815378	-0.0176851882361	-0.00556948795337	0.00782602907353	-0.00590006500504	8.30296545279e-06	-0.000916698494943	0.000886150545391	0.00289971584703	0.00293703625957	0.00155176058508	-0.0	0.0	0.0	0.0	0.0	0.0	0.0	0.0	0.0	0.0	0.0	0.0	0.0	0.0	0.0	0.0	0.0	0.0	0.0	0.0	0.0	0.0
SAMPLE_112475	-0.314176521226	-0.0154261036868	0.0535804749272	0.0634211584419	-0.0562218971778	-0.0412482014091	0.0786809419061	-0.023518310327	-0.0100560208931	0.000118647603695	0.0083575794715	0.027652616981	0.0104497778867	-0.0156540458858	0.0140343584899	0.0121651441959	-0.0103149949867	-0.00371890549557	-0.0213291831327	0.00594002088922	-0.000537637269633	0.011857101912	-0.0261574210003	-0.0196615568462	-0.000757509435763	-0.0158780031048	0.0110406805458	-0.00846057990443	0.00380886625553	-0.0205254700701	-0.014268925612	-0.020995973486	0.00400275988954	-0.0130413699422	0.00276044553563	-0.00920817038297	0.00219336063063	0.0021805879556	-0.00566776384408	-0.0222096923751	-0.00751251517089	-0.00283677502781	-0.0	0.0	0.0	0.0	0.0	0.0	0.0	0.0	0.0	0.0	0.0	0.0	0.0	0.0	0.0	0.0	0.0	0.0	0.0	0.0	0.0	0.0
SAMPLE_112474	-0.322669110233	-0.0217568225745	0.0388591235216	-0.0322793357272	-0.00122983649526	-0.0314025746571	-0.0179764569285	-0.0150063524145	0.0177804698665	0.0379534486093	0.0623793161561	0.0102744121182	0.0436782499456	-0.00340973926483	-0.0082975360791	-0.0343877832638	-0.0119698426485	0.0113265749828	0.00065164491501	-0.00201676865448	0.00358818101935	-0.00617160631117	-0.00271744496181	-0.0198088800475	-0.00500381819673	-0.0160254164976	0.0237379200208	-0.0165695302647	-0.0278661135164	0.00512418108246	0.0202051063099	0.00148238395316	-0.00550248581304	-0.0055078148065	-0.000147521838782	0.00801455118099	0.00718390417455	0.012413297747	0.0133257997707	-0.000899798021852	0.000810931694948	-0.00268865478076	-0.0	0.0	0.0	0.0	0.0	0.0	0.0	0.0	0.0	0.0	0.0	0.0	0.0	0.0	0.0	0.0	0.0	0.0	0.0	0.0	0.0	0.0
SAMPLE_112477	-0.312075918386	0.0411558292229	0.0721975050286	-0.0505240419178	-0.0158221866082	0.0160311700455	-0.00596404564246	-0.0203740960073	0.00636841415939	-0.00341475605899	-0.0193028781179	0.00461950266171	0.00942791567823	-0.0227130316785	-0.00670157504173	-0.0179556194009	0.0160682291666	-0.0154014025703	-0.00172788056305	-0.00140668025354	0.0122839821497	-0.0201862441943	-0.000433488678735	0.0196536203835	-0.0294584774439	0.0216488979892	0.0114330112737	0.00942172903314	0.00625332246533	0.00708027508223	0.0297009722211	0.00657601881159	-0.00999518306418	-0.00322516884393	0.00185213704102	0.000753325534387	-0.00786676056912	-0.00942799497283	0.0104393216904	-0.0150727096421	-0.00157181696565	-0.0024830944689	-0.0	0.0	0.0	0.0	0.0	0.0	0.0	0.0	0.0	0.0	0.0	0.0	0.0	0.0	0.0	0.0	0.0	0.0	0.0	0.0	0.0	0.0
SAMPLE_112476	-0.325425820728	-0.0178123676331	0.0382486249417	0.0724896286156	-0.0570017070906	-0.0822351592971	0.086452461607	-0.0123268237518	2.78119320109e-05	-0.0254807544092	0.0214270426359	0.0228454535386	0.0445374014133	0.00968866691172	-0.00216019810719	-0.00325934477844	0.0210461086809	0.00821664987402	0.0123854413475	-0.00768290382454	0.0214369027262	0.0191038530536	0.000243781606773	0.0148325929579	-0.0152934378017	0.00530527070121	-0.0165226544236	-0.0203773691688	0.00667408500411	0.0332975491164	0.00555470033456	0.0173963337913	0.00579964682522	0.0122264155639	-0.00377585773382	0.00804189072875	0.00664856390559	0.00386561617802	-0.00192144622279	-0.00200424475914	0.00271591297547	0.00641505692276	-0.0	0.0	0.0	0.0	0.0	0.0	0.0	0.0	0.0	0.0	0.0	0.0	0.0	0.0	0.0	0.0	0.0	0.0	0.0	0.0	0.0	0.0
SAMPLE_112529	-0.0920926660688	0.168751022673	-0.135609838387	-0.0822525860263	0.0574953750105	-0.0428489959581	0.0471523050682	0.033561298739	-0.103835441393	0.0383098464234	-0.0271232265551	0.0307703444418	-0.0105114862497	0.0238323852972	-0.0189355818368	-0.042546184883	0.0445734095604	0.0104353727886	-0.0153822471306	-0.00590040356659	-0.00589175527802	0.0269850940824	0.00911303695602	-0.00522806973609	0.00901610888647	-0.00361684821875	0.00448227078112	-0.0105633790411	-0.0114933987868	0.00326050833302	8.6965523494e-06	-0.00201294671729	-0.0161775828039	0.00943683361355	-0.000799677187768	-0.00185365288262	-0.00346012465617	-0.00622435182397	0.00451095668112	-0.00200063227876	-0.000291134621695	0.00189407856816	-0.0	0.0	0.0	0.0	0.0	0.0	0.0	0.0	0.0	0.0	0.0	0.0	0.0	0.0	0.0	0.0	0.0	0.0	0.0	0.0	0.0	0.0
SAMPLE_112499	-0.0891259069227	0.0598616639472	-0.000513475806848	0.076701267016	0.0136001961085	0.0134241027033	-0.021612265038	0.00314573756391	0.0529040353116	-0.0231676416475	-0.0861313345706	-0.036836522453	-0.0301661366504	-0.0139911563081	0.00948633085948	0.00968514712634	0.0340144802915	-0.00614647922544	0.00299434649928	-0.0416789182293	0.00510906072083	0.0117398327215	-0.0237550473495	-0.00513925490807	0.0231759239904	0.00943149575822	0.011914222118	-0.0259168396409	-0.0107461606013	0.00671788513862	-0.00513415153075	0.000628771877543	-0.00717302877143	0.00594487962298	-0.0123403458485	-0.00171293496078	0.000531039063873	0.00481134361011	0.00793963947678	0.00108100347434	-0.000561479064633	0.000106319638227	-0.0	0.0	0.0	0.0	0.0	0.0	0.0	0.0	0.0	0.0	0.0	0.0	0.0	0.0	0.0	0.0	0.0	0.0	0.0	0.0	0.0	0.0
SAMPLE_112498	0.096649785602	-0.274581299464	-0.148671641062	0.00122205237952	0.0387981906147	0.0431074467362	-0.0163078699417	-0.115982763229	-0.0350379855308	-0.0380539774526	0.0135191194071	0.00969065107552	-0.0119702894728	-0.0337935865519	0.0311451662266	0.0371062647374	0.0544783748715	0.0140143792166	0.021722480756	-0.00573650909893	-0.00459756673169	0.00616417335231	-0.0258505446525	0.0118500587609	0.00398387282369	0.00239136628043	0.00189133376335	0.0016445079596	-0.01252695014	-0.00762001584507	0.00338591642442	-0.00103173224955	-0.00574118518761	0.000613669802546	-0.00448319639695	-0.00292490566727	0.000508817612781	-0.000459709748173	0.00480528908684	0.00209823781735	-0.000445567936233	0.000485305054953	-0.0	0.0	0.0	0.0	0.0	0.0	0.0	0.0	0.0	0.0	0.0	0.0	0.0	0.0	0.0	0.0	0.0	0.0	0.0	0.0	0.0	0.0
SAMPLE_112497	-0.039688000162	-0.05957131163	-0.0766279609093	0.0851394650513	-0.00636193432688	0.0218689730515	-0.0201094764715	0.0593597486128	0.0493378994872	-0.00623875818988	-0.00730438806982	-0.012202258119	0.000518913628136	0.0182408773278	-0.0264354845469	0.032872987647	-0.00533550522504	0.0404791559763	-0.0293122521955	0.0145550264064	-0.00977760702467	0.0377611046718	-0.0152789715236	-0.00234478903768	-0.0101933556775	-0.00978495286423	0.0208380126591	0.00240508599607	0.0195577541673	-0.00151458161581	0.0017542216576	0.0167965246683	-0.00974586701077	-0.014750661218	0.0202081944201	0.0146749917017	-0.00679463502388	0.00288422786165	0.0024847282248	0.00568792747494	-0.00391471315104	-0.00259430142022	-0.0	0.0	0.0	0.0	0.0	0.0	0.0	0.0	0.0	0.0	0.0	0.0	0.0	0.0	0.0	0.0	0.0	0.0	0.0	0.0	0.0	0.0
SAMPLE_112496	-0.0477585322045	0.142868734844	-0.0554234489443	-0.0533616327844	0.12196008203	-0.0014967762995	-0.0509908022678	-0.00322155927107	0.0348615779007	-0.0290642381592	0.0409152832151	-0.0372417980164	0.0230350722539	-0.0455106219486	-0.0269862483651	0.00722772495041	0.0117443179122	0.00659484878503	0.0389403232842	0.0116712831649	-0.00726704318154	-0.0140597960325	0.00832674324192	-0.0382111619247	-0.0175572483386	-0.0114623988858	-0.00128787955441	0.0166418248279	0.00514144393944	-0.00529198214187	0.0107967315519	-0.00453063999681	-0.000442302707587	-0.00214392591798	0.00294889040634	0.014171239475	0.00386349057739	-0.00173137311342	4.8506215257e-06	-0.00440432853832	0.00412053229111	0.00108757073158	-0.0	0.0	0.0	0.0	0.0	0.0	0.0	0.0	0.0	0.0	0.0	0.0	0.0	0.0	0.0	0.0	0.0	0.0	0.0	0.0	0.0	0.0
SAMPLE_112495	-0.162321308873	-0.114328618762	0.00706890945205	0.210353455662	0.0661648211772	-0.0173833679941	-0.0553393045617	-0.00680541338036	-0.103661349933	-0.00528516071789	0.0146391213176	-0.0117353862716	-0.0182630765176	0.017241983307	0.00325170160154	0.00329791727539	-0.00655271005225	0.019417152245	0.00473320374304	-0.0336743990392	0.00744572901512	0.00303466179895	0.0141596285658	-0.0109154615758	-0.0144003390803	-0.00489599018652	0.00216905631954	-0.00142895105619	-0.00528671433896	-0.00215038535292	-0.0121455712086	0.000705650627038	0.0083020665915	-0.00624204023034	0.0116261038108	0.00531248240928	-0.00244741977945	-0.00711709947761	-0.00307190310404	-0.00299158096778	0.001291008945	0.000407438890014	-0.0	0.0	0.0	0.0	0.0	0.0	0.0	0.0	0.0	0.0	0.0	0.0	0.0	0.0	0.0	0.0	0.0	0.0	0.0	0.0	0.0	0.0
SAMPLE_112494	-0.263302050523	-0.027171610042	0.032468577899	0.0149850753552	0.0260267754567	0.0153892538935	-0.0454973501193	0.0402656635745	0.0313069955295	0.0103117570162	0.00466030047382	-0.0441641454923	-0.0214462588842	-0.0438424844282	-0.0195954516472	-0.0368986103369	0.0168981841832	-0.00350156578007	0.00776838754993	-0.00207747203568	-0.0443161772606	-0.0191021097702	0.0122865873403	0.00333943056195	0.0350811075767	0.00105188189175	-0.00629176932777	-0.0224376159675	0.0182580069518	-0.0216487906674	-0.0101265353128	0.0118975567057	-0.0122977917106	-0.00227315588844	0.000453144268976	-0.00458110165515	-0.000392748144685	-0.000655036160565	-0.0013405906176	-0.00126426960636	0.000813599873737	0.00437009316419	-0.0	0.0	0.0	0.0	0.0	0.0	0.0	0.0	0.0	0.0	0.0	0.0	0.0	0.0	0.0	0.0	0.0	0.0	0.0	0.0	0.0	0.0
SAMPLE_112493	-0.102003269066	-0.148447352861	-0.123762886055	-0.0835976448251	0.0139449450066	0.0711977211587	0.0447616231555	0.00948637734285	-0.00867724665294	-0.0183583240067	0.0154889502011	-0.0189360988221	-0.0373798969317	0.00358996619913	0.00908137000471	-0.0594800375032	0.00635608902196	-0.0260949708775	-0.00304007097259	-0.0308497117602	0.00460757890942	0.0143305606641	-0.0042985886062	-0.0155860695938	-0.00721994266264	-0.0175393461235	0.00666447685323	0.0084675312105	0.00198457072903	0.00788203857196	0.00251513872207	0.00945617075344	-0.000730821677892	0.00588848415498	0.00655526545279	-0.00152399014957	0.00308407555921	0.00154740449565	-0.00137064919994	0.000441642488134	-0.00305340279295	1.74769864748e-05	-0.0	0.0	0.0	0.0	0.0	0.0	0.0	0.0	0.0	0.0	0.0	0.0	0.0	0.0	0.0	0.0	0.0	0.0	0.0	0.0	0.0	0.0
SAMPLE_112492	-0.15419106659	-0.0898068216657	-0.061930380023	-0.022553143604	-0.005965226926	0.0308940860704	0.000283978489969	0.0623300093024	0.0338289906259	-0.00892636124283	-0.0101583692213	0.00454034016828	0.00130199035371	0.0405313042369	0.0335163332331	0.0107944609063	0.0234046784922	0.0126709258084	-0.0160266270913	0.0352667859429	-0.0276209366291	-0.023381955707	0.00122846463915	-2.25875935956e-06	0.00544685156993	0.00744837181362	0.0209559965214	0.00176334705258	-0.00335607634499	0.0116735006117	-0.0092264232352	-0.0215458397946	-0.00697593731762	-0.00601858159	-0.00203878819335	0.0134409498022	-0.00145170051906	-0.00681063079313	0.0047876041529	-0.00144450924773	0.00247015706078	0.00217233088561	-0.0	0.0	0.0	0.0	0.0	0.0	0.0	0.0	0.0	0.0	0.0	0.0	0.0	0.0	0.0	0.0	0.0	0.0	0.0	0.0	0.0	0.0
SAMPLE_112491	-0.0444746424052	0.0043305002393	-0.0777947779301	-0.0221079049516	-0.0066912566615	0.0411430602985	0.00211786906759	0.0723812151178	-0.072727128421	0.0734255100692	-0.0563794145732	0.0371037387134	0.0621115410606	-0.0485616971959	0.00952247222832	0.0147568358555	-0.0082816052167	0.00259433014875	0.0180262265291	0.0142265034057	0.0033185023887	0.0208209458036	0.00289339226519	0.00349981386612	0.0147595102103	0.00794752008829	-0.00245459702322	0.0167739751523	0.00725716424143	0.00419075201411	-0.00474522927543	-0.011347217088	0.00151065474743	0.0134008274662	0.00311188185892	0.00215599839432	0.00913252093533	0.00553699598089	-0.0014382215113	-0.0043156439345	0.00365440942764	0.0016599619753	-0.0	0.0	0.0	0.0	0.0	0.0	0.0	0.0	0.0	0.0	0.0	0.0	0.0	0.0	0.0	0.0	0.0	0.0	0.0	0.0	0.0	0.0
SAMPLE_112490	-0.305170990801	-0.00918436395909	0.0235527641373	0.0133440108799	0.0181879219789	-0.0575589937399	0.0436557204619	0.0357814012904	0.00335383291417	-0.0449518569263	0.0391594344371	-0.00101358534819	-0.0086245755078	0.00676423160951	-0.0408037501421	-0.00665549307457	0.00309984250947	-0.018547868603	0.0410861394656	-0.00726676225247	-0.0128764730332	0.00710175027241	-0.00721865211306	0.00724827126763	0.011311373932	0.02389738878	0.0211177861802	0.00264883826163	0.0173980045512	-0.00675375464194	-0.0189853540193	-0.00731991517901	0.0261913565067	0.00272169392549	-0.00938285836114	0.00624481000435	0.00314237819076	-0.00316531781082	0.00666043834249	0.00374722162006	0.00140787393835	0.00217202424368	-0.0	0.0	0.0	0.0	0.0	0.0	0.0	0.0	0.0	0.0	0.0	0.0	0.0	0.0	0.0	0.0	0.0	0.0	0.0	0.0	0.0	0.0
SAMPLE_112528	0.241705938345	0.0633602079568	-0.0597840585562	-0.0549964015316	-0.100882505012	0.0101968402764	-0.0290530776456	0.0219190311655	-0.00886564061978	-0.0399523064884	0.00328111634713	0.0634848322313	-0.0411997451231	-0.0120622017685	0.0733407315113	-0.0252917656825	0.00305169324125	0.0164312294575	-0.00491134768607	-0.0039422785749	0.0131539088528	-0.0109319044804	0.0384618485001	-0.0212025116145	0.00045533574165	0.00980997525437	-0.00644494548359	-0.0140720660644	0.00522318369221	0.00376221231678	-0.00857034599552	-0.00484332821732	-0.00300172638843	-0.00794551814778	0.00573483014981	0.0118195985943	-0.00129686021382	-0.00682375364807	-0.00124337398134	0.00240188581799	0.000980111762161	-0.00529912224867	-0.0	0.0	0.0	0.0	0.0	0.0	0.0	0.0	0.0	0.0	0.0	0.0	0.0	0.0	0.0	0.0	0.0	0.0	0.0	0.0	0.0	0.0
SAMPLE_112532	0.0205973372093	0.198403623972	-0.10507065812	0.0446562869245	-0.0511947656795	-0.0546601234527	0.00127407900493	-0.041401166676	0.0105162697683	-0.000646768667459	0.0136774258879	-0.00262565482245	0.00816198185066	0.043096260043	0.0147711649631	0.0150907838902	-0.00967338624635	-0.0504438446826	-0.00244732791854	0.0113820608672	-0.0126197138856	-0.00448866799675	0.00295792254181	-0.0100547828205	0.00991824412393	-0.0181839115837	-0.00196021906716	0.0176640390773	-0.0116068167829	-0.00307988821869	0.0017383820716	0.00827917914682	0.0145218678293	0.00348439953401	0.0023406568986	-0.00556459245118	-0.0175853087457	-0.00449603723087	0.0116253415138	-0.000454346562343	0.00313745995435	0.0026692766877	-0.0	0.0	0.0	0.0	0.0	0.0	0.0	0.0	0.0	0.0	0.0	0.0	0.0	0.0	0.0	0.0	0.0	0.0	0.0	0.0	0.0	0.0

Biplot	0	0

Site constraints	0	0
