	sequences per sample	iteration	SAMPLE_112474	SAMPLE_112475	SAMPLE_112476	SAMPLE_112477	SAMPLE_112478	SAMPLE_112479	SAMPLE_112480	SAMPLE_112481	SAMPLE_112482	SAMPLE_112483	SAMPLE_112484	SAMPLE_112485	SAMPLE_112486	SAMPLE_112487	SAMPLE_112488	SAMPLE_112489	SAMPLE_112490	SAMPLE_112491	SAMPLE_112492	SAMPLE_112493	SAMPLE_112494	SAMPLE_112495	SAMPLE_112496	SAMPLE_112497	SAMPLE_112498	SAMPLE_112499	SAMPLE_112500	SAMPLE_112501	SAMPLE_112502	SAMPLE_112503	SAMPLE_112504	SAMPLE_112505	SAMPLE_112506	SAMPLE_112507	SAMPLE_112508	SAMPLE_112509	SAMPLE_112510	SAMPLE_112511	SAMPLE_112512	SAMPLE_112513	SAMPLE_112514	SAMPLE_112515	SAMPLE_112516	SAMPLE_112518	SAMPLE_112519	SAMPLE_112520	SAMPLE_112521	SAMPLE_112522	SAMPLE_112523	SAMPLE_112524	SAMPLE_112525	SAMPLE_112526	SAMPLE_112527	SAMPLE_112528	SAMPLE_112529	SAMPLE_112530	SAMPLE_112531	SAMPLE_112532	SAMPLE_112533	SAMPLE_112534	SAMPLE_112535	SAMPLE_112536	SAMPLE_112537	SAMPLE_112538
alpha_rarefaction_10_0.txt	10	0	29.0	23.0	23.0	23.0	13.0	23.0	23.0	23.0	23.0	29.0	29.0	29.0	13.0	22.0	23.0	55.0	55.0	22.0	23.0	23.0	13.0	23.0	23.0	55.0	13.0	23.0	55.0	23.0	55.0	23.0	29.0	29.0	13.0	55.0	23.0	12.0	16.0	8.5	23.0	22.0	12.0	8.5	12.0	55.0	13.0	13.0	8.5	23.0	13.0	13.0	13.0	23.0	13.0	13.0	13.0	7.0	23.0	16.0	23.0	12.0	29.0	8.5	12.0	22.0
alpha_rarefaction_10_1.txt	10	1	23.0	55.0	23.0	23.0	23.0	23.0	12.0	29.0	23.0	55.0	29.0	55.0	13.0	55.0	55.0	55.0	29.0	11.0	23.0	55.0	55.0	55.0	29.0	23.0	23.0	8.0	23.0	23.0	23.0	13.0	23.0	23.0	23.0	13.0	8.5	22.0	55.0	22.0	16.0	6.2	12.0	29.0	29.0	55.0	16.0	7.0	23.0	12.0	13.0	29.0	22.0	23.0	13.0	13.0	5.0	5.0	23.0	16.0	23.0	23.0	55.0	16.0	22.0	8.0
alpha_rarefaction_10_2.txt	10	2	29.0	29.0	23.0	9.0	12.0	13.0	29.0	23.0	55.0	23.0	55.0	23.0	12.0	8.5	23.0	7.0	23.0	9.0	23.0	12.0	23.0	55.0	29.0	55.0	29.0	29.0	23.0	12.0	55.0	13.0	23.0	29.0	7.0	29.0	23.0	12.0	12.0	13.0	16.0	23.0	6.5	23.0	5.0	23.0	13.0	16.0	23.0	13.0	23.0	13.0	29.0	55.0	23.0	13.0	13.0	23.0	29.0	22.0	16.0	22.0	22.0	23.0	12.0	16.0
alpha_rarefaction_10_3.txt	10	3	55.0	23.0	55.0	29.0	29.0	29.0	23.0	55.0	23.0	55.0	9.0	29.0	13.0	22.0	23.0	29.0	55.0	29.0	23.0	8.5	55.0	55.0	23.0	13.0	23.0	13.0	13.0	23.0	23.0	8.5	23.0	13.0	7.0	23.0	13.0	9.0	29.0	13.0	29.0	12.0	22.0	23.0	8.5	55.0	7.0	22.0	12.0	12.0	55.0	23.0	29.0	23.0	23.0	13.0	12.0	12.0	55.0	55.0	13.0	13.0	22.0	13.0	29.0	13.0
alpha_rarefaction_10_4.txt	10	4	55.0	55.0	13.0	55.0	55.0	55.0	22.0	23.0	13.0	55.0	13.0	29.0	29.0	55.0	23.0	13.0	55.0	22.0	55.0	55.0	23.0	55.0	23.0	23.0	23.0	13.0	23.0	23.0	23.0	29.0	23.0	55.0	23.0	55.0	12.0	9.0	12.0	5.5	22.0	11.0	23.0	55.0	13.0	13.0	16.0	23.0	55.0	55.0	23.0	55.0	13.0	23.0	23.0	8.5	13.0	12.0	23.0	55.0	16.0	23.0	13.0	23.0	13.0	12.0
alpha_rarefaction_10_5.txt	10	5	23.0	55.0	23.0	29.0	23.0	12.0	29.0	13.0	55.0	23.0	23.0	23.0	29.0	23.0	13.0	23.0	23.0	12.0	55.0	7.0	23.0	23.0	22.0	29.0	29.0	55.0	8.5	13.0	55.0	55.0	12.0	55.0	7.0	23.0	7.0	11.0	13.0	12.0	16.0	29.0	55.0	55.0	12.0	23.0	23.0	16.0	23.0	29.0	23.0	23.0	55.0	55.0	55.0	6.5	16.0	7.0	23.0	29.0	23.0	12.0	23.0	23.0	8.5	6.5
alpha_rarefaction_10_6.txt	10	6	55.0	55.0	55.0	23.0	29.0	12.0	23.0	55.0	13.0	55.0	23.0	23.0	22.0	29.0	13.0	55.0	55.0	29.0	55.0	13.0	55.0	23.0	23.0	55.0	23.0	55.0	23.0	29.0	13.0	23.0	22.0	23.0	29.0	55.0	13.0	16.0	8.0	13.0	23.0	22.0	22.0	16.0	7.0	23.0	23.0	12.0	23.0	23.0	22.0	23.0	12.0	23.0	23.0	13.0	23.0	12.0	13.0	22.0	12.0	22.0	23.0	13.0	7.0	29.0
alpha_rarefaction_10_7.txt	10	7	23.0	55.0	55.0	23.0	23.0	29.0	13.0	23.0	23.0	23.0	55.0	55.0	29.0	23.0	23.0	23.0	23.0	12.0	55.0	23.0	23.0	55.0	29.0	55.0	23.0	55.0	23.0	55.0	13.0	23.0	22.0	23.0	13.0	23.0	23.0	16.0	12.0	22.0	22.0	12.0	22.0	29.0	13.0	23.0	12.0	22.0	8.5	13.0	13.0	13.0	12.0	23.0	55.0	23.0	23.0	12.0	12.0	11.0	23.0	23.0	23.0	8.5	12.0	29.0
alpha_rarefaction_10_8.txt	10	8	23.0	55.0	23.0	29.0	23.0	29.0	55.0	13.0	12.0	23.0	23.0	55.0	13.0	12.0	23.0	55.0	13.0	4.0	23.0	23.0	23.0	55.0	29.0	23.0	12.0	23.0	23.0	55.0	12.0	13.0	29.0	23.0	55.0	55.0	23.0	11.0	13.0	22.0	11.0	9.0	12.0	6.5	13.0	55.0	12.0	23.0	13.0	23.0	12.0	13.0	23.0	13.0	23.0	7.0	12.0	13.0	23.0	29.0	29.0	6.2	55.0	8.5	7.0	16.0
alpha_rarefaction_10_9.txt	10	9	55.0	23.0	55.0	23.0	29.0	55.0	55.0	29.0	23.0	23.0	23.0	55.0	55.0	23.0	55.0	55.0	23.0	29.0	23.0	13.0	55.0	23.0	13.0	55.0	23.0	55.0	23.0	55.0	13.0	23.0	23.0	9.0	16.0	8.5	55.0	2.0	23.0	6.5	16.0	7.0	13.0	55.0	12.0	22.0	9.0	12.0	55.0	7.0	7.0	55.0	22.0	23.0	13.0	29.0	12.0	8.5	12.0	3.0	23.0	8.5	13.0	12.0	12.0	9.0
alpha_rarefaction_109_0.txt	109	0	172.1	152.769230769	190.545454545	205.666666667	193.5	184.833333333	201.333333333	159.857142857	135.769230769	183.111111111	188.333333333	276.2	255.0	158.0	160.333333333	154.0	219.090909091	89.0	188.5	136.0	135.111111111	156.769230769	128.0	173.875	88.4285714286	135.769230769	85.6	125.076923077	197.75	146.1	108.666666667	143.090909091	82.0	131.1	46.0769230769	106.666666667	75.3333333333	63.4285714286	171.5	142.625	80.1666666667	113.333333333	78.4285714286	64.0	57.6666666667	105.125	71.0909090909	47.0	68.6666666667	115.0	69.0769230769	172.0	160.0	112.0	201.5	49.4285714286	90.5454545455	103.0	132.545454545	204.5	85.0	99.8	61.6	86.25
alpha_rarefaction_109_1.txt	109	1	395.5	165.714285714	290.0	277.5	660.0	213.1	168.428571429	174.142857143	176.25	276.5	362.0	285.875	160.272727273	189.375	165.714285714	424.75	243.111111111	120.428571429	164.0	95.0714285714	138.25	146.214285714	90.5	175.142857143	86.875	131.461538462	89.5	116.166666667	99.6	137.25	70.6	190.375	66.3	108.125	90.0	97.25	111.428571429	42.8	125.428571429	101.111111111	70.6	116.0	43.0	81.2307692308	45.9090909091	71.625	65.0	43.2	87.25	76.5	63.1428571429	110.75	167.076923077	64.1	111.583333333	47.1428571429	96.75	96.6666666667	185.0	82.9090909091	103.111111111	111.0	51.4285714286	79.625
alpha_rarefaction_109_2.txt	109	2	150.166666667	231.545454545	286.111111111	150.3	200.111111111	143.214285714	265.1	135.25	146.142857143	297.0	122.363636364	130.75	138.0	204.0	134.75	168.5	147.5625	80.8571428571	119.583333333	107.1	149.111111111	149.4	130.142857143	167.625	67.0	171.0	73.5454545455	103.6	141.666666667	79.5	140.5	241.166666667	65.6666666667	110.0	71.0	71.5	137.0	52.3636363636	152.6	77.2307692308	51.0	75.0	50.0	77.1428571429	46.125	82.0	46.5	88.6	95.5	99.0	156.6	167.625	223.111111111	212.666666667	93.0	55.25	64.0	87.6	232.0	106.1	162.0	73.0	56.3333333333	71.5
alpha_rarefaction_109_3.txt	109	3	136.25	268.090909091	170.4	108.076923077	246.142857143	160.0	256.666666667	126.0	182.75	195.666666667	150.0	175.8	122.428571429	172.0	227.0	226.375	208.666666667	85.6	108.571428571	106.125	157.6	154.0	98.6	128.909090909	167.166666667	178.25	72.2727272727	186.75	107.230769231	128.666666667	87.875	116.666666667	69.0769230769	85.3636363636	59.0	69.5454545455	57.5714285714	64.5	125.0	101.125	85.875	62.0	66.6666666667	59.5	66.1428571429	74.1428571429	54.6	66.6	87.0	61.0	93.3333333333	303.0	167.5	80.4285714286	140.2	55.3333333333	167.0	151.75	140.0	90.25	97.6666666667	98.0	415.0	131.0
alpha_rarefaction_109_4.txt	109	4	145.5	227.0	196.272727273	200.111111111	131.1	209.75	224.0	158.857142857	142.1	271.3	166.428571429	328.2	142.625	245.875	221.125	172.0	242.75	47.0	195.142857143	120.125	298.0	135.571428571	119.6	120.0	77.9090909091	160.0	74.5454545455	208.0	106.8	116.545454545	92.0	234.0	122.5	107.125	40.25	167.0	47.5714285714	73.0	134.333333333	75.9090909091	79.5	86.6	37.6	47.5454545455	71.2	63.75	92.6	62.0	58.8333333333	177.0	70.0909090909	96.6666666667	270.5	86.4285714286	175.0	58.5	92.25	114.5	113.666666667	135.0	120.428571429	102.111111111	63.0	113.5
alpha_rarefaction_109_5.txt	109	5	177.0	209.75	225.5	314.428571429	182.909090909	216.090909091	185.833333333	146.111111111	86.4285714286	225.375	138.875	195.125	114.545454545	117.909090909	128.5	182.111111111	261.272727273	110.333333333	105.9375	161.857142857	264.857142857	293.0	99.0	179.25	110.428571429	155.083333333	113.666666667	127.363636364	80.8333333333	119.0	90.5	196.272727273	87.875	138.0	101.25	70.5	78.5	58.0	106.666666667	117.125	63.75	75.1428571429	48.3636363636	65.1	84.1666666667	157.857142857	74.5454545455	62.4285714286	93.1111111111	97.6	82.625	206.0	210.5	111.428571429	94.0	57.4285714286	85.9090909091	122.2	170.875	138.875	148.166666667	150.6	185.0	112.857142857
alpha_rarefaction_109_6.txt	109	6	174.909090909	156.461538462	181.071428571	179.5	225.0	146.090909091	217.333333333	263.0	231.0	304.5	148.3	128.333333333	133.0	116.0	96.0	148.0	495.166666667	79.0	118.714285714	161.2	183.75	186.909090909	97.75	154.5	109.0	222.375	108.142857143	162.333333333	148.625	173.0	84.6	147.5	77.0769230769	125.6	82.5	109.2	88.0	76.6666666667	127.1	282.333333333	47.125	96.0909090909	78.5	57.4285714286	54.6666666667	62.1	126.5	39.875	114.666666667	90.25	71.875	161.071428571	109.230769231	77.0	69.5	53.0	87.25	85.5454545455	170.875	129.111111111	88.875	123.5	73.3333333333	61.2307692308
alpha_rarefaction_109_7.txt	109	7	212.1	161.230769231	182.076923077	168.875	147.142857143	212.1	163.4375	226.2	188.375	326.857142857	177.25	231.75	169.875	269.428571429	213.0	204.111111111	184.833333333	111.0	199.125	216.5	129.230769231	148.4	92.6153846154	224.142857143	70.2727272727	177.0	103.125	179.8	82.8333333333	93.3333333333	104.111111111	128.909090909	57.5	122.6	50.3636363636	125.142857143	66.0	55.1	116.909090909	98.8	84.8571428571	64.6666666667	50.3	93.0	46.6666666667	90.25	67.3333333333	80.1428571429	116.333333333	97.3333333333	55.125	213.75	190.0	81.625	92.1666666667	57.0	63.7692307692	129.111111111	200.5	85.875	129.75	71.0	85.5	230.25
alpha_rarefaction_109_8.txt	109	8	140.0	344.142857143	187.2	192.666666667	262.5	193.071428571	202.153846154	144.2	231.75	181.4	124.3	154.6	155.0	126.5	173.142857143	170.428571429	243.1	114.857142857	191.333333333	100.375	190.333333333	202.6	167.0	107.461538462	72.625	124.363636364	68.0909090909	208.0	95.5	118.5	129.0	186.0	186.25	103.75	78.4285714286	92.1666666667	75.0	39.3333333333	187.666666667	61.0833333333	59.4285714286	67.6	50.5454545455	60.0	57.125	90.3333333333	61.5	101.25	55.1538461538	72.0833333333	56.2727272727	165.272727273	234.75	167.0	165.166666667	63.6666666667	65.0	103.125	106.1	122.375	101.8	64.0	49.0	114.5
alpha_rarefaction_109_9.txt	109	9	162.625	145.2	208.615384615	126.230769231	169.875	235.909090909	232.583333333	100.0	117.0	180.363636364	169.875	167.5	159.857142857	135.25	246.875	170.545454545	178.0	146.166666667	200.125	77.3333333333	173.909090909	187.6	113.333333333	191.25	135.0	218.125	65.2352941176	121.571428571	114.5	94.1111111111	103.0	168.111111111	143.5	162.5	43.6666666667	153.0	95.1428571429	90.5	103.090909091	122.909090909	59.0	90.0	59.4285714286	55.6153846154	36.0	117.5	72.0	48.3333333333	77.3333333333	107.0	75.0	118.583333333	181.25	138.0	139.2	78.5	81.5	311.0	912.0	106.1	82.625	77.4285714286	50.0	73.1428571429
alpha_rarefaction_208_0.txt	208	0	208.473684211	337.555555556	369.833333333	213.9	327.666666667	230.772727273	313.4	172.866666667	230.0	348.5	198.0	214.333333333	270.0	302.153846154	371.1	229.25	338.125	127.0	220.428571429	292.142857143	237.166666667	291.647058824	239.5	203.2	129.5	163.55	90.25	224.352941176	169.461538462	128.583333333	208.125	237.666666667	121.5	166.0	92.8571428571	164.5	118.571428571	63.0588235294	253.363636364	150.615384615	96.6	135.076923077	56.0	92.1	95.0	130.571428571	80.25	61.0	87.3333333333	146.25	75.1	165.807692308	362.8	135.375	155.25	54.0	150.0	203.666666667	230.090909091	137.230769231	151.153846154	118.214285714	172.0	107.0
alpha_rarefaction_208_1.txt	208	1	196.666666667	290.3	370.3125	256.3125	206.25	262.391304348	301.130434783	185.75	209.894736842	516.363636364	255.3125	239.375	235.272727273	330.4	211.882352941	219.368421053	260.055555556	144.333333333	219.588235294	143.666666667	252.352941176	277.230769231	175.230769231	210.071428571	176.111111111	188.8	102.166666667	303.25	185.0	248.583333333	159.0	199.916666667	132.428571429	133.555555556	75.875	146.833333333	102.333333333	76.3	175.217391304	194.6	138.142857143	81.0833333333	63.1	88.5	70.3333333333	144.0	107.333333333	88.5	113.583333333	166.428571429	120.1	339.0	207.235294118	123.111111111	290.6	206.5	121.5	198.375	197.625	191.0	205.75	194.111111111	99.3333333333	175.0
alpha_rarefaction_208_2.txt	208	2	257.0	250.157894737	268.954545455	262.75	257.714285714	233.333333333	243.0	168.461538462	229.142857143	377.0	207.9	312.0	183.214285714	305.2	286.3	195.333333333	316.0	157.3	185.428571429	202.666666667	245.4	257.0	169.4	185.588235294	113.0	214.588235294	110.0	167.666666667	206.5	115.4	177.625	234.105263158	98.0	130.714285714	54.75	160.428571429	191.6	48.0	210.428571429	133.875	68.1538461538	282.25	65.0	81.2727272727	89.1666666667	114.9375	77.5	75.6666666667	89.0714285714	124.583333333	96.0714285714	287.875	272.545454545	211.5	192.333333333	81.5	102.615384615	201.272727273	266.666666667	118.583333333	181.909090909	183.25	120.5	154.1
alpha_rarefaction_208_3.txt	208	3	228.153846154	279.0	338.058823529	217.130434783	280.25	347.4	251.84	138.5	160.25	370.769230769	329.6	174.65	222.071428571	288.0	229.176470588	267.666666667	256.055555556	124.571428571	200.0	129.4375	222.066666667	221.9	129.105263158	191.75	132.5	238.375	214.111111111	181.0	142.588235294	164.875	163.5	225.714285714	132.0	120.055555556	70.7142857143	98.6153846154	94.8	106.0	181.25	144.714285714	79.1111111111	127.0	92.0	74.5263157895	81.5	127.4	88.4	106.6	78.0	147.153846154	78.2307692308	246.055555556	346.111111111	132.0	184.6	96.3333333333	122.214285714	233.0	203.75	171.076923077	124.0	235.142857143	79.5	162.333333333
alpha_rarefaction_208_4.txt	208	4	195.666666667	380.0	222.5	243.0	214.5	276.0	272.037037037	295.25	191.3125	345.4375	360.333333333	283.833333333	257.909090909	346.214285714	191.0	380.0	409.0	185.363636364	328.8	189.076923077	239.1875	302.882352941	138.5	154.217391304	153.615384615	244.571428571	117.230769231	206.25	207.5	144.111111111	157.625	165.545454545	116.230769231	131.666666667	62.75	144.066666667	81.6666666667	60.3	256.909090909	212.8	112.8	97.6	71.6666666667	95.0	59.3333333333	177.0	75.5714285714	77.0	85.8947368421	118.157894737	95.9090909091	262.15	427.111111111	124.111111111	126.0	91.5	158.1	163.0	238.5	154.5	130.5	103.4	76.0	147.615384615
alpha_rarefaction_208_5.txt	208	5	262.0	330.0	260.636363636	217.3	240.545454545	265.272727273	220.387096774	173.352941176	278.461538462	415.230769231	150.473684211	121.555555556	171.476190476	266.235294118	450.875	244.058823529	290.3	155.25	221.111111111	191.111111111	261.0	250.230769231	167.769230769	154.5	148.0	209.285714286	140.75	194.666666667	163.571428571	117.0	162.083333333	277.0	93.8333333333	152.714285714	95.5	146.875	116.461538462	86.5	332.5	154.1	90.8	152.090909091	56.5714285714	66.2142857143	47.0909090909	100.153846154	79.0	78.0	82.6470588235	330.0	150.25	227.473684211	249.583333333	190.0	138.0	81.5	148.25	286.6	359.8	165.0	234.0	184.25	74.0	151.1
alpha_rarefaction_208_6.txt	208	6	291.0	222.551724138	306.894736842	280.571428571	198.5	354.076923077	265.391304348	169.4	240.4	294.6875	245.214285714	305.090909091	193.9375	238.0	223.2	236.1875	437.545454545	195.666666667	202.8	221.0	185.25	256.157894737	232.111111111	232.5	150.0	260.0	124.0	211.0	197.909090909	200.461538462	132.363636364	211.555555556	96.2	104.428571429	68.0	186.75	149.25	52.1	136.066666667	142.769230769	79.2	93.4615384615	69.0909090909	68.8333333333	70.25	102.714285714	83.1	75.3	140.375	90.2307692308	118.8	196.65	349.545454545	95.2727272727	190.545454545	134.5	143.0	142.0	175.588235294	194.0	209.111111111	133.363636364	129.75	125.5
alpha_rarefaction_208_7.txt	208	7	241.526315789	374.2	261.714285714	329.076923077	299.5	243.4	293.260869565	239.5	207.214285714	233.0625	319.230769231	219.0	303.25	353.25	193.076923077	305.25	337.125	130.2	213.0	190.909090909	223.894736842	243.1875	135.125	202.055555556	123.789473684	218.615384615	119.4	165.5625	146.588235294	130.545454545	134.3	189.666666667	103.1875	127.315789474	69.2727272727	90.7692307692	88.25	118.142857143	164.125	171.0	60.1111111111	100.714285714	69.0833333333	82.0714285714	53.6666666667	155.090909091	82.0	79.6666666667	72.5	124.0	137.909090909	296.0	174.2	137.75	139.25	74.3333333333	111.5	201.75	221.75	286.625	156.555555556	156.0	249.0	134.571428571
alpha_rarefaction_208_8.txt	208	8	187.055555556	209.545454545	309.352941176	274.833333333	296.75	263.391304348	332.714285714	178.5	239.058823529	385.615384615	200.5	181.0	154.55	229.333333333	193.666666667	229.2	287.0	217.0	169.875	181.0	292.153846154	205.5	180.882352941	251.076923077	239.2	205.235294118	125.0	197.071428571	145.769230769	177.111111111	142.0	215.043478261	123.75	146.333333333	83.5	289.6	123.1	79.0	215.066666667	156.0	102.111111111	153.875	90.5	80.0909090909	56.1666666667	88.0769230769	83.3	64.5454545455	78.4	147.0	82.2727272727	331.083333333	221.0	155.625	173.0	84.0	146.714285714	135.333333333	228.583333333	135.230769231	261.625	125.714285714	115.0	142.928571429
alpha_rarefaction_208_9.txt	208	9	247.076923077	285.526315789	240.125	248.176470588	283.571428571	221.166666667	317.8	161.666666667	272.0	347.8125	196.047619048	227.0	214.428571429	383.428571429	224.833333333	274.5	459.230769231	129.5	313.5	140.909090909	183.285714286	216.0	98.0454545455	189.882352941	191.6	241.0	116.588235294	210.071428571	119.333333333	227.0	203.666666667	279.461538462	111.769230769	144.333333333	61.0	127.076923077	99.7692307692	80.0	197.0	86.2173913043	91.3529411765	139.142857143	69.0909090909	118.125	66.6666666667	146.25	98.9090909091	94.625	118.214285714	156.571428571	111.6	369.333333333	297.5	174.428571429	260.0	68.2	126.714285714	228.142857143	190.3125	153.55	155.214285714	110.047619048	61.1111111111	153.0
alpha_rarefaction_307_0.txt	307	0	296.15	293.5	480.730769231	254.956521739	311.0	289.037037037	429.434782609	239.619047619	252.4	295.5	286.2	209.65	213.25	255.615384615	254.0	243.714285714	294.64	148.5625	262.0	208.066666667	228.636363636	282.391304348	363.272727273	329.058823529	147.0	302.235294118	176.6	189.666666667	207.260869565	281.111111111	127.235294118	375.882352941	109.714285714	208.666666667	86.0	111.176470588	142.0	99.5	307.5625	260.363636364	120.0	180.5	88.0	83.0	96.1	218.6	121.6	98.9090909091	129.230769231	145.5	91.2142857143	329.272727273	227.24	152.5	230.090909091	133.375	139.4375	284.571428571	363.588235294	249.4	209.055555556	245.230769231	89.5	164.6875
alpha_rarefaction_307_1.txt	307	1	289.05	288.941176471	336.964285714	341.875	267.0	332.041666667	337.964285714	205.916666667	275.75	358.416666667	217.275862069	263.045454545	213.0	275.0	250.916666667	264.214285714	356.222222222	194.75	289.833333333	194.75	253.05	214.275862069	196.333333333	242.25	137.0	262.5	114.5	336.0	183.956521739	182.176470588	125.75	266.84	96.1875	158.714285714	103.75	102.2	136.75	71.0	290.571428571	137.473684211	106.0	167.3	100.0	76.8333333333	74.5	166.5625	96.3125	80.6666666667	124.882352941	167.526315789	158.875	384.235294118	313.0	142.0	194.076923077	112.666666667	134.75	228.176470588	260.055555556	209.285714286	231.153846154	170.6875	97.3333333333	240.461538462
alpha_rarefaction_307_2.txt	307	2	378.0	307.2	363.965517241	354.5	354.25	247.636363636	349.387096774	322.5625	336.105263158	376.0	311.75	292.526315789	249.058823529	333.130434783	313.142857143	325.176470588	357.315789474	195.076923077	388.647058824	150.894736842	210.230769231	218.636363636	214.375	241.25	155.25	224.107142857	124.769230769	179.6875	241.142857143	244.111111111	154.473684211	257.142857143	138.5	191.0	105.153846154	212.090909091	167.0	115.75	186.0	169.25	83.3	276.0	109.75	74.55	77.5	134.166666667	96.8823529412	79.0	137.571428571	153.714285714	124.866666667	275.391304348	287.142857143	162.0	258.909090909	67.25	170.153846154	181.555555556	359.588235294	401.428571429	346.909090909	161.058823529	127.0	178.0
alpha_rarefaction_307_3.txt	307	3	299.045454545	378.6	308.888888889	319.0	303.105263158	334.272727273	302.037037037	327.055555556	292.555555556	269.307692308	288.047619048	284.157894737	296.235294118	311.588235294	419.2	231.555555556	271.37037037	174.4	241.625	209.5	293.166666667	291.681818182	268.714285714	218.043478261	135.0	336.681818182	188.0	207.260869565	221.1875	152.5	187.545454545	338.333333333	119.769230769	226.166666667	91.0	177.5	116.666666667	79.5	241.916666667	124.882352941	114.0	129.076923077	66.0	103.625	65.4615384615	163.615384615	79.0588235294	120.0	154.111111111	120.05	129.75	276.555555556	259.565217391	150.928571429	223.0	147.0	160.545454545	188.25	224.130434783	171.315789474	163.142857143	169.157894737	81.5454545455	176.714285714
alpha_rarefaction_307_4.txt	307	4	224.24	325.689655172	421.0	292.166666667	264.111111111	336.576923077	375.115384615	236.058823529	280.555555556	424.25	230.387096774	285.647058824	281.4375	340.041666667	304.3	308.0	449.625	150.0	307.0	209.25	238.965517241	206.551724138	149.130434783	290.4375	164.666666667	273.954545455	131.05	251.5	214.066666667	221.090909091	173.875	228.037037037	130.647058824	196.076923077	89.6666666667	142.882352941	137.0	98.1111111111	213.6	196.25	134.111111111	128.090909091	81.0	100.363636364	88.0	124.157894737	84.5	129.428571429	123.571428571	152.666666667	159.666666667	265.0	238.176470588	168.875	205.5	76.4285714286	103.555555556	177.772727273	282.4	214.473684211	199.3125	259.111111111	167.25	180.545454545
alpha_rarefaction_307_5.txt	307	5	296.136363636	309.8	271.96875	298.3	280.75	253.451612903	400.322580645	216.0	259.0	359.0	302.105263158	435.076923077	397.272727273	364.115384615	322.285714286	301.15	318.0	160.5	329.5	214.214285714	297.5	262.05	213.375	263.176470588	117.4	268.0	135.666666667	310.0	161.272727273	223.6	133.8125	261.730769231	185.111111111	222.473684211	93.5	161.3	112.615384615	76.0	214.625	179.65	97.0714285714	110.2	83.0	118.333333333	77.25	177.176470588	91.6666666667	98.1111111111	201.0	172.083333333	220.428571429	237.615384615	341.0	145.0	263.545454545	100.333333333	131.928571429	164.2	237.25	226.0	203.833333333	183.8125	98.5	155.636363636
alpha_rarefaction_307_6.txt	307	6	222.533333333	263.135135135	246.774193548	426.142857143	305.44	364.714285714	268.666666667	229.833333333	314.5	287.666666667	252.75	296.571428571	232.714285714	313.045454545	354.315789474	268.5	397.5	153.928571429	265.0	239.769230769	300.045454545	315.5	204.117647059	468.6	276.5	285.142857143	169.571428571	229.1875	199.0	202.5	151.461538462	239.541666667	152.461538462	236.714285714	102.0	189.8	135.666666667	123.0	177.8	139.555555556	202.2	212.6	139.375	116.0	77.25	168.875	105.461538462	71.875	120.769230769	136.117647059	137.909090909	297.64	373.75	200.0	266.666666667	113.0	131.5	217.368421053	278.0	162.058823529	204.0	142.272727273	127.428571429	148.714285714
alpha_rarefaction_307_7.txt	307	7	279.681818182	296.517241379	254.736842105	381.052631579	323.136363636	268.6	351.0	255.0	232.0	344.115384615	253.05	235.541666667	220.772727273	405.65	337.6875	268.869565217	300.0	133.555555556	222.473684211	233.153846154	299.0	251.04	253.571428571	286.8125	195.076923077	400.647058824	151.571428571	230.9	223.9	157.714285714	204.545454545	299.0	118.75	157.333333333	92.5	113.9375	183.625	124.0	295.789473684	167.526315789	139.0	126.4	68.1538461538	116.5	97.0	128.0	111.428571429	67.6	109.2	233.090909091	104.789473684	246.04	204.666666667	248.3	204.235294118	142.25	137.117647059	263.0	244.4	179.052631579	330.230769231	215.272727273	93.7692307692	201.0
alpha_rarefaction_307_8.txt	307	8	336.75	310.464285714	476.772727273	289.454545455	306.44	310.625	272.96875	278.4	284.0	387.55	301.047619048	264.869565217	197.434782609	313.25	262.84	280.954545455	319.588235294	189.0	315.894736842	218.090909091	283.235294118	307.15	233.555555556	407.714285714	211.142857143	328.8	138.105263158	214.047619048	375.333333333	213.5	124.052631579	339.75	122.166666667	207.076923077	79.1	149.928571429	146.882352941	80.25	213.882352941	151.714285714	114.090909091	142.428571429	79.1	168.142857143	94.1111111111	114.75	97.5454545455	88.0833333333	88.0	171.153846154	134.0	408.235294118	226.884615385	124.25	209.090909091	101.333333333	153.769230769	207.235294118	240.136363636	187.588235294	170.6875	232.090909091	134.666666667	147.352941176
alpha_rarefaction_307_9.txt	307	9	268.714285714	258.763157895	462.166666667	291.652173913	246.714285714	260.609756098	343.681818182	305.066666667	327.8	263.535714286	244.24	220.476190476	274.5	282.291666667	247.142857143	238.454545455	357.416666667	134.647058824	221.285714286	294.0	316.473684211	220.620689655	159.055555556	283.285714286	209.5	280.052631579	133.315789474	386.769230769	228.894736842	193.428571429	164.571428571	279.25	114.055555556	250.375	97.5	160.153846154	120.0	83.75	178.2	250.909090909	169.5	110.066666667	66.0	95.6666666667	72.8571428571	169.55	87.7142857143	137.125	118.625	162.2	122.0	412.1875	274.8	164.6875	187.333333333	74.9375	136.0	218.0625	232.454545455	263.0	251.230769231	252.909090909	163.6	158.615384615
alpha_rarefaction_406_0.txt	406	0	258.5625	399.037037037	515.25	554.666666667	266.25	316.53125	360.5	342.0	270.6	456.888888889	400.5	375.588235294	264.9375	350.0	327.045454545	301.5	320.567567568	163.058823529	282.307692308	204.315789474	297.037037037	292.0	323.05	299.0	136.0	259.538461538	162.714285714	318.0	364.545454545	166.333333333	186.352941176	281.441176471	160.473684211	223.2	105.0	245.0	223.375	74.6	342.833333333	184.875	169.1	291.666666667	99.1111111111	204.0	77.0	172.666666667	111.5	81.25	115.315789474	191.0	111.714285714	446.038461538	298.8	199.4	253.0	133.428571429	163.111111111	233.181818182	462.789473684	317.571428571	207.315789474	229.588235294	142.75	190.588235294
alpha_rarefaction_406_1.txt	406	1	389.65	529.636363636	390.121212121	314.756756757	381.107142857	407.125	307.659574468	321.476190476	297.6	410.2	349.34375	285.476190476	275.714285714	277.228571429	298.157894737	322.115384615	313.322580645	158.176470588	356.555555556	287.75	249.947368421	435.047619048	211.526315789	338.5	163.176470588	295.64	231.153846154	261.619047619	295.05	288.8125	158.0	301.0	176.666666667	216.545454545	148.142857143	152.25	199.0	67.5	228.275862069	161.652173913	138.0	126.588235294	84.0	108.058823529	111.111111111	176.956521739	93.4615384615	81.5	154.066666667	139.25	170.090909091	345.24	383.166666667	151.333333333	269.333333333	113.8	147.045454545	229.954545455	337.0	271.714285714	202.903225806	187.65	123.428571429	206.833333333
alpha_rarefaction_406_2.txt	406	2	349.384615385	450.607142857	396.108108108	361.038461538	368.24137931	308.12195122	414.483870968	216.576923077	407.55	503.5	322.15625	295.0	194.7	341.333333333	275.5	300.333333333	394.869565217	176.0	249.615384615	214.647058824	293.59375	308.6	309.045454545	268.535714286	185.4375	321.115384615	181.0	311.0	193.333333333	226.882352941	162.928571429	336.125	167.928571429	244.066666667	97.1428571429	168.666666667	185.352941176	120.333333333	232.730769231	385.1	130.214285714	157.75	79.125	92.1176470588	101.428571429	182.8	102.4	75.9090909091	137.230769231	173.0	142.0	449.55	362.37037037	173.0	206.5	140.545454545	119.157894737	262.956521739	331.0	286.315789474	198.25	235.0	113.0	187.181818182
alpha_rarefaction_406_3.txt	406	3	310.107142857	359.896551724	267.666666667	480.142857143	307.972972973	428.535714286	422.555555556	357.4375	262.103448276	459.625	382.230769231	297.0	250.619047619	332.636363636	399.647058824	311.107142857	393.161290323	164.9	363.9	230.428571429	276.090909091	287.0	312.047619048	278.12	241.5	241.972972973	187.4	237.541666667	306.0	267.625	331.142857143	469.333333333	170.9	273.9375	146.666666667	211.25	147.142857143	95.6666666667	296.272727273	287.666666667	127.3125	197.8	77.2727272727	122.153846154	94.5	188.352941176	96.0833333333	111.0	123.666666667	136.25	222.142857143	454.894736842	348.681818182	181.230769231	219.166666667	169.0	140.333333333	531.125	368.5	240.454545455	248.142857143	290.4	120.142857143	197.5
alpha_rarefaction_406_4.txt	406	4	270.677419355	312.552631579	470.5	331.15625	327.384615385	351.428571429	469.029411765	370.052631579	342.105263158	377.228571429	316.888888889	297.25	301.789473684	313.03030303	364.636363636	339.533333333	354.9375	220.769230769	290.391304348	296.571428571	261.5	407.476190476	405.428571429	301.454545455	175.526315789	355.434782609	139.416666667	267.055555556	199.2	162.588235294	299.5	365.25	114.058823529	242.3	100.428571429	163.0	182.058823529	74.1538461538	355.636363636	219.105263158	130.333333333	160.055555556	93.6666666667	116.714285714	76.0	188.352941176	90.5714285714	93.0	152.875	198.157894737	165.153846154	294.857142857	372.625	240.5	176.5	95.8	128.166666667	262.391304348	326.476190476	276.272727273	266.052631579	155.954545455	118.272727273	137.041666667
alpha_rarefaction_406_5.txt	406	5	239.941176471	443.8	417.0	410.2	414.357142857	403.103448276	477.576923077	246.517241379	253.5625	308.277777778	323.730769231	222.6	333.8	323.181818182	305.913043478	267.0	511.0	209.0	233.076923077	235.352941176	318.483870968	305.333333333	326.894736842	272.142857143	176.0	264.677419355	156.230769231	231.6	285.571428571	224.066666667	172.5625	364.652173913	153.0	266.230769231	77.0	142.473684211	143.666666667	94.0714285714	250.913043478	150.0	111.428571429	185.4375	83.0714285714	144.75	89.4	198.157894737	109.0	80.7692307692	124.0	188.8	146.076923077	381.038461538	403.454545455	195.235294118	261.0	148.333333333	119.0	434.75	280.032258065	222.375	233.894736842	218.235294118	196.0	149.368421053
alpha_rarefaction_406_6.txt	406	6	376.107142857	341.028571429	345.382978723	347.275862069	419.375	348.090909091	312.486486486	252.545454545	340.516129032	440.5	357.04	297.12	366.0	386.035714286	296.0	261.037037037	361.666666667	269.0	349.473684211	201.636363636	366.04	323.8	277.571428571	245.434782609	190.545454545	257.9375	150.647058824	306.526315789	241.181818182	209.0	243.071428571	424.115384615	160.352941176	247.0	85.0	117.176470588	154.875	120.0	343.954545455	277.571428571	134.666666667	152.230769231	87.6	115.5	101.230769231	222.769230769	101.071428571	74.3333333333	178.666666667	224.333333333	136.1	318.6875	295.037037037	166.571428571	161.384615385	164.3	150.4	260.0	418.8	265.9375	291.5	238.2	119.230769231	266.0
alpha_rarefaction_406_7.txt	406	7	271.034482759	335.0	404.459459459	347.607142857	320.7	287.416666667	403.459459459	261.111111111	402.142857143	429.64	391.291666667	207.088235294	244.111111111	280.96875	248.538461538	334.076923077	461.884615385	229.428571429	371.217391304	240.714285714	262.588235294	276.615384615	265.157894737	269.5	226.333333333	312.0	165.5625	170.676470588	231.588235294	212.3125	281.75	311.676470588	203.111111111	250.4	73.4	206.647058824	175.25	89.875	285.954545455	200.214285714	164.666666667	165.5	94.6666666667	112.6	75.8333333333	165.3	83.4	89.4285714286	113.428571429	140.555555556	321.666666667	362.896551724	327.384615385	205.0	257.4	141.0	181.769230769	391.0	322.476190476	194.285714286	178.545454545	215.9375	148.0	211.235294118
alpha_rarefaction_406_8.txt	406	8	275.222222222	462.785714286	344.027027027	341.576923077	361.285714286	518.045454545	459.24137931	449.214285714	336.0	363.2	368.037037037	285.391304348	234.894736842	377.5	333.0	378.038461538	435.037037037	185.071428571	315.0	239.555555556	377.25	364.285714286	276.636363636	242.777777778	218.769230769	304.5	171.058823529	224.260869565	194.791666667	214.2	134.230769231	354.033333333	133.0	224.105263158	106.0	215.769230769	162.714285714	79.5454545455	283.333333333	180.869565217	174.3	145.125	98.1	99.5	100.111111111	190.0	106.076923077	108.428571429	164.0	224.043478261	109.789473684	367.038461538	287.714285714	161.833333333	204.789473684	109.6	253.0	261.0	386.235294118	183.714285714	274.3	166.105263158	115.125	189.476190476
alpha_rarefaction_406_9.txt	406	9	318.37037037	366.363636364	526.857142857	403.107142857	320.181818182	353.037037037	331.818181818	313.142857143	332.785714286	418.535714286	318.7	306.15	302.789473684	322.275862069	432.555555556	374.217391304	417.090909091	222.0	337.4	222.1875	511.333333333	252.7	279.882352941	345.8	235.2	268.103448276	167.153846154	220.44	194.25	151.647058824	223.1875	306.206896552	116.166666667	168.652173913	93.0714285714	124.75	137.235294118	111.5	303.785714286	181.291666667	150.230769231	115.055555556	103.909090909	126.375	102.909090909	212.047619048	102.071428571	100.142857143	147.571428571	212.055555556	182.0	295.037037037	372.12	150.6875	389.615384615	137.375	115.05	267.352941176	327.076923077	258.0	242.25	234.0	130.111111111	160.105263158
alpha_rarefaction_505_0.txt	505	0	328.24137931	353.923076923	438.15	355.323529412	328.236842105	362.774193548	499.166666667	387.65	332.303030303	369.255319149	400.0	365.37037037	272.375	399.027777778	317.193548387	278.344827586	484.24	220.473684211	452.260869565	250.333333333	314.7	264.935483871	221.666666667	341.0	162.0	275.394736842	176.058823529	332.730769231	280.3	162.473684211	171.625	381.757575758	261.545454545	254.454545455	100.5	186.176470588	146.647058824	89.25	235.033333333	220.833333333	124.0	224.071428571	78.1	100.214285714	110.75	209.75	92.8333333333	103.333333333	178.615384615	196.772727273	116.066666667	365.75	366.823529412	168.833333333	277.05	188.142857143	146.75	330.4	341.0	267.75	225.037037037	171.24	130.545454545	208.071428571
alpha_rarefaction_505_1.txt	505	1	289.636363636	373.782608696	403.170212766	335.5	392.6	312.386363636	566.088235294	330.037037037	295.303030303	492.875	476.307692308	288.96875	313.888888889	364.575	410.44	326.171428571	440.032258065	266.176470588	293.571428571	257.24	357.12	312.196078431	276.222222222	257.676470588	222.25	276.6	239.0625	323.047619048	277.3125	250.105263158	200.5	340.529411765	137.571428571	232.105263158	120.75	223.214285714	135.4	95.6666666667	349.0	253.333333333	177.666666667	184.0	77.875	123.090909091	133.0	162.130434783	116.352941176	82.8333333333	158.882352941	176.55	148.0	363.323529412	348.666666667	250.375	240.142857143	137.375	150.25	377.882352941	370.111111111	302.526315789	306.555555556	240.166666667	136.0	182.157894737
alpha_rarefaction_505_2.txt	505	2	410.807692308	344.405405405	503.176470588	306.12195122	341.902439024	331.255319149	412.133333333	335.24	416.555555556	396.6	378.214285714	337.333333333	251.0	307.8	277.451612903	340.275862069	375.522727273	203.157894737	373.0	282.476190476	397.7	349.275862069	343.454545455	288.322580645	204.75	304.181818182	195.555555556	217.7	315.875	232.25	194.65	295.833333333	205.909090909	182.619047619	245.0	218.0	173.833333333	195.0	260.9375	291.235294118	128.176470588	141.25	74.7692307692	129.0	97.0	196.230769231	94.0	118.5	251.5	216.833333333	192.352941176	425.076923077	451.125	156.473684211	282.142857143	178.0	196.125	281.0	353.555555556	212.833333333	247.894736842	280.882352941	118.583333333	154.368421053
alpha_rarefaction_505_3.txt	505	3	437.666666667	372.046511628	387.318181818	370.024390244	417.0	434.034482759	377.458333333	302.785714286	423.047619048	514.857142857	390.181818182	341.25	334.041666667	334.875	350.129032258	345.714285714	400.073170732	260.0	279.885714286	284.954545455	325.464285714	351.451612903	297.142857143	300.103448276	178.714285714	324.5	270.583333333	248.714285714	258.04	201.55	224.555555556	384.833333333	226.272727273	220.055555556	159.0	214.230769231	191.125	89.0833333333	319.888888889	256.5	219.375	196.714285714	115.428571429	117.071428571	105.0	218.9375	92.8333333333	103.333333333	147.125	220.055555556	133.142857143	332.666666667	357.90625	211.066666667	360.214285714	109.5	170.25	238.615384615	412.2	183.0	296.8125	195.55	183.545454545	173.9
alpha_rarefaction_505_4.txt	505	4	391.029411765	466.108108108	386.12	369.794117647	382.24137931	365.285714286	392.5	381.166666667	379.228571429	401.75	458.230769231	289.193548387	277.636363636	349.085714286	349.333333333	339.0	451.03125	242.0625	323.464285714	206.652173913	326.538461538	361.848484848	264.565217391	353.055555556	237.615384615	350.1	175.153846154	259.181818182	310.166666667	256.4	184.0	381.222222222	179.25	251.066666667	98.625	183.772727273	145.833333333	101.909090909	351.714285714	278.0	147.571428571	205.214285714	92.0	101.894736842	112.25	204.55	116.230769231	108.214285714	128.565217391	179.3	183.5	548.884615385	341.0	236.2	293.272727273	111.75	140.588235294	248.652173913	324.115384615	322.5	267.0	250.772727273	184.0	208.4
alpha_rarefaction_505_5.txt	505	5	295.558823529	375.526315789	377.272727273	385.622222222	359.0	380.525	493.275	347.130434783	405.291666667	438.243243243	352.5	345.90625	354.555555556	411.277777778	332.275862069	321.972972973	372.916666667	230.714285714	287.833333333	248.260869565	429.0	305.222222222	249.25	353.935483871	181.555555556	358.12	188.058823529	363.5	238.107142857	235.636363636	191.772727273	367.555555556	193.4375	367.866666667	102.111111111	272.0	209.5	123.090909091	230.516129032	236.368421053	116.714285714	154.875	95.625	162.0	133.0	171.913043478	139.125	114.153846154	141.555555556	174.625	172.5	344.162790698	435.0	175.333333333	362.588235294	123.230769231	133.176470588	267.0	370.0	268.84	294.0	171.24	146.75	191.454545455
alpha_rarefaction_505_6.txt	505	6	400.885714286	346.923076923	336.638297872	297.8125	369.651162791	393.069767442	448.944444444	311.59375	338.085714286	308.666666667	360.6	366.272727273	360.636363636	407.034482759	381.0	357.357142857	404.0	290.230769231	288.6	292.142857143	310.941176471	369.607142857	343.454545455	368.115384615	230.882352941	339.25	171.0	294.555555556	214.038461538	295.5	222.105263158	317.03030303	142.25	289.714285714	122.666666667	212.0	214.526315789	99.0	258.736842105	222.047619048	113.0	166.5	103.5	162.461538462	98.25	166.416666667	108.545454545	111.0	176.2	159.041666667	133.352941176	456.607142857	469.0	154.0	319.5	161.625	141.0	267.0	335.476190476	267.75	213.0	215.789473684	140.375	164.352941176
alpha_rarefaction_505_7.txt	505	7	315.236842105	571.222222222	495.567567568	408.333333333	460.12	344.15	379.782608696	321.142857143	334.6	397.717948718	357.275862069	380.12	270.6	377.181818182	369.0	384.875	521.083333333	221.235294118	405.875	247.625	394.517241379	344.181818182	349.6875	324.44	274.0	345.0	217.647058824	324.8	258.5	184.526315789	274.4	389.214285714	200.5	190.0	171.2	177.5	173.055555556	119.25	226.037037037	200.476190476	162.0	164.714285714	121.375	115.0	111.769230769	171.055555556	117.5	100.0	161.076923077	218.260869565	143.5	520.04	315.096774194	273.0	357.4375	84.2727272727	159.076923077	306.789473684	381.956521739	389.65	232.541666667	249.4	182.545454545	160.368421053
alpha_rarefaction_505_8.txt	505	8	426.375	405.0	437.097560976	374.794117647	344.162162162	379.522727273	582.21875	321.677419355	299.657894737	445.09375	301.384615385	504.913043478	366.416666667	504.441176471	331.96875	348.5	333.45	234.3	385.0	269.157894737	377.441176471	322.517241379	335.476190476	226.441176471	226.769230769	384.965517241	187.6875	239.5	214.896551724	209.052631579	202.0	357.620689655	179.615384615	201.391304348	166.5	152.4	207.0	121.333333333	287.555555556	193.75	141.25	150.0	128.0	122.615384615	81.25	179.5	98.8666666667	105.363636364	183.153846154	184.142857143	181.153846154	394.774193548	370.0	233.066666667	402.235294118	122.076923077	162.5	261.4	293.0	301.166666667	212.5	191.666666667	151.714285714	250.0
alpha_rarefaction_505_9.txt	505	9	337.588235294	347.02173913	485.736842105	387.965517241	451.44	426.875	435.15	317.625	344.025	480.833333333	285.117647059	363.115384615	362.619047619	346.081081081	375.038461538	320.193548387	491.5	232.0	414.454545455	212.260869565	425.0	397.24	247.181818182	331.0	223.0	361.275862069	228.473684211	274.535714286	264.526315789	284.0	264.315789474	488.307692308	166.333333333	359.083333333	87.1428571429	221.25	182.058823529	132.125	299.344827586	192.75	146.0	177.4	88.2307692308	138.461538462	120.75	236.368421053	106.076923077	103.25	162.461538462	201.954545455	115.461538462	345.333333333	347.037037037	202.055555556	256.956521739	169.090909091	172.928571429	451.928571429	414.64	249.222222222	216.260869565	441.666666667	174.333333333	190.714285714
alpha_rarefaction_604_0.txt	604	0	366.076923077	463.384615385	485.56	457.25	410.4375	498.447368421	375.270833333	534.833333333	369.9375	340.25	328.777777778	331.731707317	272.2	394.448979592	370.285714286	313.441860465	457.219512195	429.5	350.75	276.12	481.275862069	387.27027027	290.555555556	363.24	260.526315789	310.957446809	227.666666667	279.394736842	364.0	244.555555556	279.714285714	368.0	165.5	260.541666667	110.625	246.0	170.588235294	120.714285714	351.043478261	317.0	150.571428571	174.333333333	86.8333333333	131.5	116.153846154	199.956521739	94.0	128.6	182.058823529	224.789473684	159.0	388.651162791	361.578947368	167.115384615	390.291666667	153.25	153.047619048	351.714285714	393.6	322.142857143	281.111111111	230.0	144.2	217.647058824
alpha_rarefaction_604_1.txt	604	1	334.5	487.692307692	481.595744681	467.24137931	435.0	357.5	407.555555556	261.166666667	416.277777778	515.133333333	517.217391304	402.5	322.888888889	454.837837838	339.090909091	376.666666667	499.170731707	246.0	402.6	305.047619048	474.615384615	366.794117647	271.363636364	309.032258065	249.473684211	333.529411765	212.157894737	334.433333333	270.0	258.652173913	262.0	435.1	188.666666667	221.5	111.6	222.214285714	146.047619048	118.5	319.037037037	285.3125	172.928571429	163.066666667	95.0769230769	111.25	121.714285714	256.0625	134.090909091	105.2	140.176470588	320.882352941	198.125	513.40625	389.757575758	207.055555556	306.464285714	143.0	213.0	362.5	330.447368421	384.052631579	345.333333333	254.105263158	168.153846154	286.076923077
alpha_rarefaction_604_2.txt	604	2	348.222222222	433.069767442	531.125	433.0	390.567567568	477.157894737	429.82	288.96875	391.027777778	455.871794872	381.657894737	307.238095238	311.75	387.6875	335.03030303	469.37037037	485.076923077	226.666666667	449.538461538	232.516129032	400.107142857	263.0	354.333333333	337.5	163.038461538	311.6875	202.176470588	333.8	247.28125	241.0	207.0	407.447368421	223.833333333	196.1875	121.75	226.555555556	211.071428571	110.0	267.538461538	323.473684211	125.1875	158.2	90.0	131.5	101.909090909	353.083333333	132.25	144.857142857	150.789473684	233.285714286	178.928571429	483.483870968	334.03030303	269.0	284.681818182	117.75	212.0	346.333333333	549.954545455	327.894736842	308.454545455	336.0	170.111111111	188.875
alpha_rarefaction_604_3.txt	604	3	326.216216216	460.333333333	428.522727273	361.875	500.451612903	449.617647059	386.108695652	339.25	465.357142857	485.590909091	313.12195122	322.096774194	407.454545455	423.0	391.833333333	366.636363636	631.7	196.956521739	394.571428571	216.176470588	380.033333333	286.916666667	385.555555556	407.5	295.315789474	405.636363636	185.833333333	311.0	310.047619048	250.3	248.473684211	369.025	159.4375	337.285714286	128.375	306.833333333	191.869565217	95.4	312.096774194	264.619047619	170.066666667	188.0	127.111111111	140.0	116.545454545	208.565217391	89.9090909091	111.625	166.6875	205.666666667	158.4	398.12	377.657894737	179.166666667	308.538461538	163.615384615	188.571428571	302.038461538	504.0	261.916666667	283.5	309.125	119.75	172.142857143
alpha_rarefaction_604_4.txt	604	4	416.333333333	416.957446809	660.794117647	376.5	557.433333333	426.153846154	497.4	375.535714286	315.692307692	413.923076923	534.538461538	333.5	405.576923077	327.82	360.533333333	340.692307692	501.567567568	228.043478261	384.833333333	242.0	359.384615385	397.24137931	309.913043478	337.433333333	246.894736842	349.028571429	198.0	379.25	300.565217391	240.25	321.5	364.657894737	191.25	275.217391304	114.0	226.4	221.055555556	96.0	369.125	283.3125	180.25	182.571428571	106.111111111	126.157894737	100.25	275.625	117.0	101.666666667	154.166666667	200.64	216.647058824	418.236842105	379.27027027	254.5	266.956521739	206.0	263.090909091	285.034482759	443.2	378.724137931	294.8	272.157894737	160.833333333	177.045454545
alpha_rarefaction_604_5.txt	604	5	432.777777778	427.522727273	501.184210526	428.090909091	433.090909091	528.0	574.756756757	431.206896552	393.228571429	525.058823529	397.0	331.483870968	347.4	445.0	293.090909091	321.459459459	508.162162162	202.047619048	416.111111111	255.454545455	379.870967742	390.083333333	307.53125	300.483870968	185.545454545	379.6	228.230769231	305.75	407.235294118	349.666666667	227.545454545	407.4375	176.615384615	205.0	140.2	168.913043478	165.6875	152.428571429	221.714285714	332.352941176	140.882352941	184.6875	90.5	137.375	71.5	190.12	132.272727273	131.0	151.666666667	202.64	186.666666667	387.757575758	417.416666667	191.565217391	290.0	214.125	150.15	279.0	321.0	311.913043478	227.083333333	276.666666667	141.4	258.0
alpha_rarefaction_604_6.txt	604	6	341.27027027	392.651162791	520.552631579	451.285714286	407.783783784	447.066666667	378.137931034	395.7	332.447368421	479.0	362.777777778	298.307692308	289.848484848	409.783783784	369.285714286	309.195652174	486.227272727	300.05	310.923076923	270.0	428.363636364	292.65	393.0	376.0	320.0	428.107142857	224.789473684	300.555555556	232.130434783	299.157894737	338.461538462	370.526315789	182.928571429	325.875	105.0	245.333333333	195.071428571	188.2	372.0	289.0	143.526315789	186.6	120.25	109.0	146.0	252.25	104.333333333	128.6	176.636363636	280.214285714	131.681818182	450.071428571	501.076923077	170.115384615	313.142857143	105.428571429	156.117647059	272.84	503.5	330.045454545	336.476190476	239.166666667	348.2	209.772727273
alpha_rarefaction_604_7.txt	604	7	372.607142857	433.4	665.6	475.0	394.153846154	439.428571429	378.163265306	312.216216216	354.875	463.384615385	530.956521739	340.090909091	384.5	397.972972973	379.6	320.076923077	392.960784314	255.058823529	385.24137931	276.956521739	357.657894737	355.609756098	295.0	305.333333333	242.3	431.0	267.0	293.375	400.055555556	374.4	194.2	368.0	199.0	234.75	120.5	235.55	199.866666667	103.5	299.0	243.884615385	165.25	237.588235294	85.375	118.214285714	119.5	221.12	102.4	114.25	178.176470588	219.434782609	151.15	447.885714286	351.5	302.833333333	317.0	156.090909091	149.833333333	261.5625	431.12	285.37037037	255.75	277.565217391	151.1	212.647058824
alpha_rarefaction_604_8.txt	604	8	353.774193548	469.0	421.568181818	389.794117647	436.46875	376.571428571	400.25	323.37037037	460.0	442.651162791	353.025	317.517241379	299.837837838	415.2	315.8	386.794117647	457.9	304.15	410.5	318.0	274.433333333	424.363636364	348.8	296.416666667	273.0	321.277777778	205.555555556	261.885714286	339.666666667	286.4	248.2	332.022222222	137.217391304	269.12	261.25	253.619047619	185.6875	151.125	337.444444444	323.6875	156.0	239.0	98.0	112.375	90.0	206.55	109.105263158	91.0	126.214285714	201.115384615	129.636363636	444.0	382.24137931	243.555555556	314.5	151.5625	208.428571429	245.5	485.12	318.0	219.785714286	262.789473684	152.1	231.55
alpha_rarefaction_604_9.txt	604	9	291.06122449	379.80952381	460.219512195	385.285714286	349.386363636	413.170212766	445.063829787	357.384615385	444.0	490.447368421	430.64	441.64	343.625	329.56	505.777777778	373.5625	474.446808511	254.652173913	380.75	239.689655172	406.933333333	309.948275862	293.05	330.777777778	221.047619048	322.5	261.789473684	446.666666667	230.12	211.5	248.333333333	419.243902439	181.666666667	288.052631579	160.0	245.0	144.333333333	126.090909091	381.714285714	264.0	161.0	218.4	97.6666666667	123.5	110.0	204.64	101.588235294	92.0	214.071428571	237.476190476	180.4	517.0	408.0	228.714285714	293.5	144.461538462	194.3	533.769230769	451.5	280.0	240.076923077	289.15	139.583333333	264.4
alpha_rarefaction_703_0.txt	703	0	398.935483871	503.736842105	469.8	396.222222222	575.488372093	454.52173913	429.333333333	328.0	364.578947368	466.038461538	380.272727273	328.8	365.384615385	533.935483871	377.081081081	368.076923077	463.071428571	263.24	387.025641026	321.0	377.323529412	406.405405405	302.533333333	343.483870968	282.636363636	331.692307692	178.368421053	364.4	291.15625	219.375	392.4	384.558823529	261.583333333	248.857142857	149.111111111	334.4	219.65	123.5	237.171428571	295.0	222.2	160.136363636	120.5	126.0	85.0	210.517241379	147.8	116.8	166.75	334.894736842	154.235294118	578.037037037	409.216216216	232.476190476	339.125	223.111111111	163.714285714	328.888888889	348.027027027	305.777777778	305.05	331.894736842	188.866666667	219.125
alpha_rarefaction_703_1.txt	703	1	358.977272727	478.333333333	428.75862069	390.525	477.25	451.8125	518.117647059	324.886363636	427.875	513.234042553	383.87755102	361.774193548	314.090909091	400.725490196	372.117647059	284.23255814	413.982758621	280.045454545	437.294117647	296.25	497.3125	427.4375	381.04	400.972972973	322.6875	347.738095238	210.352941176	399.0	290.5	283.5	243.12	455.571428571	209.0	271.724137931	118.272727273	327.352941176	189.4	198.0	432.64	310.0	147.714285714	214.909090909	97.0909090909	145.111111111	110.6	242.076923077	117.375	116.909090909	221.647058824	227.44	187.058823529	427.365853659	381.65	255.8	360.652173913	148.5	202.869565217	353.0	450.032258065	315.64	279.0	285.045454545	143.4	312.571428571
alpha_rarefaction_703_2.txt	703	2	486.896551724	444.529411765	534.25	396.222222222	407.142857143	421.65	410.053571429	403.384615385	321.549019608	491.695652174	444.609756098	351.894736842	335.153846154	415.222222222	497.043478261	379.526315789	439.886792453	284.166666667	398.076923077	307.875	472.965517241	397.028571429	493.0	463.375	223.545454545	391.0	217.157894737	370.5	314.53125	233.689655172	213.0	414.5	181.105263158	256.5	102.25	333.571428571	227.0	109.333333333	315.263157895	252.5	139.9375	226.461538462	97.25	174.333333333	124.666666667	213.55	146.0	96.6666666667	166.5	222.25	174.434782609	448.848484848	374.65	233.714285714	406.076923077	168.0	228.4	307.5	370.916666667	413.157894737	274.375	263.913043478	145.117647059	276.176470588
alpha_rarefaction_703_3.txt	703	3	357.717948718	410.6	522.234042553	456.318181818	482.357142857	441.807692308	470.5	435.096774194	432.263157895	545.076923077	398.228571429	478.483870968	295.885714286	476.032258065	393.567567568	331.9	440.565217391	317.875	505.24	271.517241379	403.65	392.5625	309.6	312.078947368	291.333333333	446.777777778	238.25	311.5	378.619047619	258.0	283.052631579	362.902439024	229.0	344.588235294	123.615384615	262.8	230.2	129.6	350.037037037	249.04	210.0	179.833333333	108.5	162.0	121.090909091	188.75	121.909090909	148.0	213.4	190.1875	194.5	486.193548387	522.71875	228.043478261	291.2	269.333333333	148.44	315.724137931	380.935483871	341.476190476	267.428571429	248.5	124.866666667	320.130434783
alpha_rarefaction_703_4.txt	703	4	385.5	378.964912281	526.4	427.857142857	444.0	403.488372093	457.294117647	349.081081081	334.317073171	435.630434783	394.523809524	315.837837838	331.444444444	506.926829268	337.857142857	397.076923077	504.571428571	229.0	360.676470588	320.444444444	419.0	284.1	280.4	324.090909091	205.285714286	446.636363636	295.75	359.0	257.387096774	265.913043478	237.476190476	406.024390244	167.05	358.058823529	115.625	264.6	180.5	114.8	266.541666667	310.454545455	137.0	170.588235294	131.0	145.214285714	112.0	288.352941176	94.2	117.8	172.875	212.375	212.8125	388.081081081	451.0	259.166666667	381.517241379	134.8125	248.153846154	254.216216216	412.088235294	283.625	294.034482759	210.12	194.909090909	300.4
alpha_rarefaction_703_5.txt	703	5	353.272727273	434.788461538	476.977272727	444.341463415	441.657894737	405.660377358	435.9	470.75	404.216216216	449.625	394.575	368.533333333	422.565217391	384.875	476.37037037	460.75	441.82	285.166666667	370.117647059	259.78125	530.04	412.75	364.260869565	435.193548387	241.24	405.24	263.75	380.0	264.965517241	225.636363636	314.555555556	400.47826087	223.0	290.9375	101.0	234.882352941	228.647058824	115.625	340.285714286	242.25	157.2	165.0	126.75	132.058823529	124.0	244.555555556	111.076923077	133.75	195.555555556	232.12	207.65	419.029411765	362.162162162	267.157894737	302.64	148.076923077	184.625	356.935483871	319.976744186	333.896551724	249.363636364	236.666666667	161.5	303.142857143
alpha_rarefaction_703_6.txt	703	6	427.277777778	441.630434783	392.295774648	388.882352941	515.153846154	474.956521739	537.222222222	415.363636364	508.028571429	444.981132075	359.813953488	419.903225806	351.7	480.142857143	354.219512195	439.666666667	522.65	191.807692308	529.387096774	364.142857143	526.275862069	398.525	395.956521739	353.303030303	239.954545455	431.885714286	244.555555556	306.675675676	433.65	243.9	297.8125	355.02173913	161.136363636	344.894736842	119.272727273	285.15	185.384615385	137.8	265.529411765	300.882352941	175.142857143	196.125	90.5	118.5	105.909090909	211.12	103.5	116.461538462	162.285714286	296.333333333	176.5625	450.25	513.085714286	291.0	511.555555556	234.1	217.142857143	380.111111111	428.214285714	310.5	348.8	334.0	191.5	257.473684211
alpha_rarefaction_703_7.txt	703	7	375.75	495.486486486	595.216216216	361.352941176	390.458333333	382.226415094	473.487179487	407.416666667	352.27027027	444.571428571	391.8	388.277777778	320.090909091	428.625	365.774193548	433.034482759	480.166666667	257.714285714	333.88372093	301.0	380.081081081	388.568181818	340.689655172	392.75	220.055555556	404.516129032	202.058823529	365.533333333	272.714285714	313.142857143	266.315789474	422.0	168.125	368.833333333	112.0	238.772727273	239.555555556	113.833333333	296.322580645	221.315789474	126.071428571	213.055555556	115.0	124.0	108.363636364	262.25	125.214285714	105.0	163.285714286	296.3125	183.615384615	392.0625	405.176470588	187.214285714	354.0	275.625	183.75	366.25	364.689655172	287.307692308	326.166666667	247.5	223.0	203.454545455
alpha_rarefaction_703_8.txt	703	8	397.024390244	368.471698113	514.404255319	518.552631579	363.418181818	433.352941176	464.5625	320.4	422.088235294	504.523809524	396.12244898	387.578947368	321.0	433.5	385.837209302	345.322580645	488.595744681	278.869565217	438.0	391.0	503.161290323	351.5	373.142857143	403.214285714	217.772727273	391.935483871	234.9375	385.37037037	293.193548387	244.285714286	213.772727273	373.4	170.260869565	327.107142857	175.0	207.772727273	180.636363636	283.0	386.111111111	296.166666667	135.15	192.5	104.083333333	162.4	114.0	198.576923077	119.0	119.2	191.5625	297.076923077	150.235294118	401.136363636	468.166666667	181.5	508.0	200.363636364	154.882352941	276.5	419.576923077	231.357142857	312.181818182	256.75	155.5625	276.333333333
alpha_rarefaction_703_9.txt	703	9	415.684210526	452.294117647	471.679245283	394.87755102	454.727272727	454.5	486.826086957	382.794117647	456.09375	443.551724138	361.8	415.108108108	367.6	387.818181818	488.677419355	283.682926829	433.446808511	323.473684211	420.71875	391.545454545	381.526315789	295.127659574	375.78125	338.090909091	257.105263158	317.5	258.75	412.391304348	300.576923077	239.285714286	235.043478261	364.285714286	190.214285714	318.4375	166.0	218.5	168.115384615	96.0	353.774193548	301.555555556	264.0	195.0	109.428571429	133.055555556	108.909090909	261.166666667	111.214285714	179.0	122.125	267.538461538	222.3125	499.2	443.097560976	203.12	262.206896552	163.153846154	247.428571429	334.303030303	376.870967742	245.4375	374.652173913	461.909090909	190.545454545	293.565217391
alpha_rarefaction_802_0.txt	802	0	365.666666667	457.022222222	460.327868852	401.195652174	524.405405405	433.725490196	428.318181818	372.534883721	485.790697674	477.232142857	473.0	380.076923077	399.724137931	473.279069767	379.583333333	358.622222222	496.625	254.615384615	334.333333333	447.352941176	462.0	410.823529412	314.6	391.0	239.033333333	571.517241379	274.166666667	352.028571429	444.0	307.777777778	265.142857143	445.552631579	187.619047619	292.0	118.066666667	220.785714286	236.2	127.25	337.756756757	388.565217391	177.473684211	175.176470588	102.076923077	148.571428571	108.2	232.5	124.5	146.545454545	205.176470588	270.0625	203.875	505.023809524	393.0	183.2	351.130434783	162.928571429	180.4	488.526315789	460.03125	399.107142857	318.5	279.615384615	128.333333333	218.5
alpha_rarefaction_802_1.txt	802	1	416.466666667	504.52	489.722222222	478.926829268	502.12195122	435.352941176	476.625	539.935483871	418.5	491.0	406.972972973	353.133333333	381.488372093	420.872727273	378.813953488	355.666666667	632.069767442	291.034482759	443.885714286	291.578947368	496.0	403.8	335.529411765	354.085714286	321.3	383.75	249.0	419.875	264.1	272.7	374.4	371.0	240.5	278.0	137.125	257.555555556	209.555555556	99.25	343.896551724	308.052631579	189.25	209.55	114.909090909	131.0	98.0	248.625	122.5	106.473684211	172.454545455	390.076923077	256.0	460.848484848	511.447368421	213.2	398.875	380.0	154.538461538	406.136363636	450.058823529	351.272727273	307.777777778	280.714285714	336.111111111	309.4375
alpha_rarefaction_802_2.txt	802	2	461.3125	411.163265306	482.06122449	493.790697674	477.222222222	389.468085106	434.898305085	317.263157895	450.651162791	406.2	462.026315789	458.885714286	344.567567568	407.411764706	458.033333333	388.333333333	508.170212766	338.571428571	400.567567568	265.625	395.0	368.03030303	360.0	487.7	270.166666667	402.12244898	248.5	331.941176471	286.885714286	316.235294118	274.217391304	516.65625	165.041666667	365.25	119.25	265.136363636	310.461538462	186.166666667	380.275862069	357.043478261	178.153846154	198.8	107.545454545	133.2	125.071428571	264.541666667	117.473684211	107.2	162.647058824	270.0625	186.5	537.785714286	391.875	223.161290323	347.041666667	256.0	166.0	375.083333333	467.527777778	307.59375	254.0	297.555555556	149.235294118	295.0
alpha_rarefaction_802_3.txt	802	3	559.0	489.622222222	536.788461538	474.384615385	470.136363636	414.769230769	524.631578947	547.037037037	428.923076923	564.813953488	491.195652174	417.451612903	409.4	477.058823529	462.823529412	481.8	548.6875	316.15	383.21875	332.8	484.108108108	394.516129032	405.230769231	310.277777778	258.222222222	387.65	247.1875	347.538461538	270.78125	439.769230769	266.517241379	403.166666667	218.5	295.034482759	127.176470588	286.052631579	305.076923077	118.0	351.763157895	199.033333333	203.0	197.083333333	144.5	139.052631579	124.272727273	300.476190476	172.0	101.75	191.5	248.076923077	168.0	528.028571429	441.4	253.555555556	379.037037037	209.2	180.681818182	400.384615385	447.675675676	310.53125	312.666666667	358.130434783	344.125	307.12
alpha_rarefaction_802_4.txt	802	4	362.12244898	488.063829787	477.0	475.837837838	523.642857143	366.32	500.956521739	370.428571429	333.054545455	447.451612903	463.466666667	327.75	482.772727273	539.384615385	466.243243243	404.441176471	444.115384615	409.157894737	363.52173913	310.230769231	397.837209302	381.590909091	361.037037037	385.916666667	264.454545455	386.5	227.375	400.935483871	271.0	306.285714286	253.896551724	427.538461538	173.04	303.0	140.5	305.4375	230.789473684	158.2	341.433333333	224.888888889	178.153846154	149.260869565	180.2	200.5	121.153846154	266.538461538	105.153846154	133.769230769	140.875	250.0	176.066666667	467.609756098	413.395833333	192.357142857	336.076923077	144.4375	195.833333333	359.117647059	511.774193548	299.0	309.941176471	324.434782609	268.1	274.142857143
alpha_rarefaction_802_5.txt	802	5	410.348837209	503.557692308	536.517857143	445.139534884	410.318181818	494.0	437.666666667	318.487179487	378.357142857	532.882352941	428.788461538	444.775	410.0	345.1	384.428571429	376.285714286	516.666666667	226.75	388.279069767	304.285714286	426.903225806	389.0	376.666666667	396.757575758	261.434782609	489.0	389.214285714	329.090909091	367.576923077	399.8	370.5	326.06	207.4375	278.652173913	114.461538462	244.0	301.666666667	140.1	429.1	299.15	150.315789474	261.153846154	126.142857143	129.055555556	111.545454545	253.107142857	126.833333333	119.909090909	201.869565217	197.384615385	188.619047619	550.896551724	461.916666667	225.047619048	413.181818182	237.75	215.125	289.7	500.2	421.565217391	312.035714286	271.035714286	164.769230769	280.176470588
alpha_rarefaction_802_6.txt	802	6	454.535714286	469.063829787	490.56	594.0	367.263157895	402.163265306	497.161290323	498.088235294	477.170731707	448.784313725	489.590909091	403.794117647	423.0	403.12244898	398.083333333	451.428571429	564.30952381	232.8	313.5	308.0	491.487179487	389.8	453.434782609	309.833333333	250.541666667	510.137931034	220.5	327.170731707	311.2	240.75	297.954545455	335.181818182	202.4	346.12	156.2	214.24137931	236.647058824	133.111111111	307.0	205.75	196.230769231	312.090909091	88.6875	139.058823529	101.0	234.689655172	91.6875	105.666666667	180.8	266.111111111	201.5	529.923076923	374.75	271.315789474	417.076923077	182.769230769	254.6	386.0	417.0	353.666666667	292.363636364	295.869565217	203.25	294.272727273
alpha_rarefaction_802_7.txt	802	7	387.5	424.222222222	470.454545455	507.0	385.529411765	509.5	485.411764706	390.567567568	454.885714286	501.695652174	377.468085106	434.666666667	375.558823529	453.022222222	403.642857143	400.348837209	485.327868852	257.625	397.578947368	367.954545455	462.06122449	370.357142857	379.230769231	468.724137931	202.157894737	480.333333333	318.769230769	356.730769231	337.433333333	291.0	288.076923077	471.279069767	179.111111111	288.565217391	110.230769231	270.315789474	251.428571429	184.111111111	362.171428571	354.0	158.117647059	303.5	93.3333333333	118.235294118	127.0	309.235294118	118.588235294	116.588235294	208.555555556	181.71875	215.142857143	465.775	378.25	201.730769231	306.8	108.5	233.545454545	411.034482759	595.037037037	306.027777778	333.875	319.5	230.0	297.25
alpha_rarefaction_802_8.txt	802	8	416.181818182	475.0	454.630769231	419.636363636	394.105263158	432.660377358	431.5	359.341463415	458.527777778	457.892857143	433.40625	357.914893617	422.2	432.5	370.609756098	425.024390244	486.038461538	288.44	389.458333333	348.037037037	430.923076923	417.660377358	306.825	377.025	247.541666667	377.097560976	243.5	344.107142857	503.0	317.517241379	273.142857143	404.0	174.272727273	286.0	146.0	273.142857143	217.5	166.111111111	295.135135135	273.217391304	171.333333333	204.285714286	90.0	121.833333333	126.090909091	226.888888889	117.894736842	145.5	172.05	246.285714286	199.0	470.135135135	535.171428571	196.391304348	497.588235294	160.272727273	242.105263158	362.5	429.875	356.24	385.142857143	216.607142857	197.1	204.64
alpha_rarefaction_802_9.txt	802	9	407.936170213	387.42	511.188679245	405.234042553	467.046511628	422.5	542.234042553	301.885714286	420.0	424.041666667	496.903225806	396.738095238	400.636363636	451.438596491	447.135135135	405.348837209	535.82	271.0	509.029411765	319.724137931	540.617647059	469.135135135	431.565217391	318.466666667	231.884615385	379.025	261.434782609	400.111111111	350.161290323	280.4	321.125	404.56	164.0	303.222222222	113.909090909	236.884615385	227.315789474	196.2	320.941176471	291.0	161.272727273	224.0	104.3	132.0	101.666666667	286.666666667	107.071428571	93.3529411765	161.647058824	219.03125	147.055555556	492.25	430.365853659	193.576923077	462.473684211	173.5625	179.125	363.777777778	430.941176471	314.272727273	344.0	232.84	175.0	362.666666667
alpha_rarefaction_901_0.txt	901	0	409.222222222	441.75	482.096774194	474.466666667	487.622222222	450.288135593	492.444444444	485.24137931	402.893617021	524.518518519	404.269230769	528.137931034	396.028571429	439.288135593	407.6875	409.285714286	520.977272727	255.615384615	466.032258065	285.75	443.630434783	552.027027027	534.565217391	304.294117647	318.666666667	435.025	275.555555556	298.777777778	453.0	251.5	296.15	428.448979592	198.315789474	409.0	140.142857143	207.5	198.142857143	158.076923077	315.416666667	308.954545455	213.428571429	238.105263158	99.4	128.769230769	121.25	245.260869565	135.066666667	170.769230769	196.526315789	237.689655172	224.315789474	469.4	349.105263158	278.956521739	344.25	210.333333333	195.636363636	401.774193548	398.551724138	334.875	358.4	287.363636364	177.0	301.476190476
alpha_rarefaction_901_1.txt	901	1	448.894736842	387.448979592	586.471698113	431.404255319	406.782608696	485.902439024	520.951612903	431.885714286	449.294117647	480.8	401.255319149	420.75	596.777777778	482.026315789	531.162162162	452.127659574	479.232142857	238.666666667	425.228571429	326.428571429	438.0	552.9	353.894736842	334.923076923	323.136363636	445.642857143	240.142857143	355.59375	338.322580645	305.714285714	267.0	430.957446809	255.066666667	418.714285714	166.333333333	325.130434783	271.789473684	160.5	333.692307692	293.0	152.555555556	211.285714286	114.545454545	141.090909091	173.875	248.516129032	128.176470588	125.428571429	200.526315789	212.0	238.25	539.238095238	415.840909091	243.588235294	328.622222222	261.5	155.05	530.15	530.081081081	472.9	356.75	295.045454545	233.615384615	245.55
alpha_rarefaction_901_2.txt	901	2	435.645833333	440.266666667	565.638297872	462.882352941	519.734693878	432.12	571.294117647	488.933333333	539.848484848	459.609375	392.810344828	435.2	385.8	499.446808511	476.026315789	366.418604651	471.063829787	303.565217391	413.024390244	310.0	442.365853659	465.727272727	366.848484848	369.052631579	395.666666667	423.5	234.125	421.2	264.617647059	275.25	332.0	417.333333333	224.833333333	339.0	108.2	290.3125	248.0	162.076923077	405.588235294	297.375	211.052631579	211.454545455	112.333333333	142.052631579	130.75	261.884615385	130.0	107.0	244.882352941	261.884615385	197.315789474	479.5	457.063829787	293.476190476	507.052631579	137.666666667	213.391304348	395.972972973	378.357142857	361.333333333	360.620689655	278.0	218.071428571	290.0
alpha_rarefaction_901_3.txt	901	3	462.5	516.113207547	479.529411765	458.017857143	481.133333333	507.11627907	567.591836735	480.486486486	397.5	511.580645161	476.459459459	426.636363636	397.567567568	487.0	316.818181818	420.153846154	505.615384615	291.15625	388.571428571	331.0	401.5	455.41025641	382.033333333	435.677419355	305.681818182	416.7	269.857142857	382.21875	341.464285714	283.4	309.142857143	483.666666667	299.142857143	294.125	114.0625	327.44	216.55	124.214285714	402.75	283.565217391	172.0	203.730769231	121.909090909	146.583333333	139.571428571	214.032258065	159.5	138.0	182.894736842	270.035714286	253.555555556	512.695652174	489.157894737	259.222222222	322.972972973	342.6	178.0	394.28125	395.5	390.2	377.272727273	315.291666667	176.153846154	236.8
alpha_rarefaction_901_4.txt	901	4	457.675675676	468.388888889	657.142857143	471.333333333	550.5	409.088235294	570.679245283	387.837209302	537.027027027	481.131147541	479.926829268	388.512195122	393.935483871	552.886363636	488.0	456.488372093	537.826086957	261.222222222	461.078947368	462.285714286	381.357142857	413.108695652	365.774193548	415.024390244	240.666666667	373.133333333	253.043478261	393.9375	319.59375	400.25	281.666666667	439.142857143	193.9	446.047619048	136.6	302.681818182	187.038461538	156.6	398.387096774	345.285714286	130.071428571	178.454545455	106.666666667	127.5	238.0	280.789473684	134.066666667	121.214285714	221.352941176	244.6	202.555555556	475.5	475.56097561	266.913043478	436.1875	233.8	229.0	366.081081081	391.27027027	273.166666667	369.037037037	285.315789474	186.052631579	254.730769231
alpha_rarefaction_901_5.txt	901	5	376.254237288	539.517857143	483.833333333	476.063829787	431.381818182	475.454545455	489.6875	435.1	514.567567568	444.725806452	499.5	471.09375	423.034482759	542.25	453.46875	344.976744186	598.632653061	261.25	348.692307692	381.222222222	479.522727273	455.738095238	443.357142857	357.777777778	394.0	372.5	250.588235294	301.066666667	316.533333333	310.391304348	234.12	472.125	182.6875	367.4	137.6	282.176470588	210.052631579	167.1	411.4	310.0	179.066666667	302.05	144.0	136.0625	129.153846154	251.0	128.333333333	125.769230769	178.4	222.285714286	233.2	464.22	428.222222222	314.64	377.535714286	168.615384615	241.789473684	392.885714286	732.565217391	267.088235294	371.607142857	384.045454545	201.25	308.0
alpha_rarefaction_901_6.txt	901	6	372.368421053	477.842105263	537.555555556	519.645833333	440.20754717	469.348837209	506.058823529	339.1875	396.818181818	457.754098361	405.132075472	362.375	458.1875	463.840909091	531.176470588	341.263157895	548.6875	249.785714286	383.11627907	314.032258065	352.346938776	415.75	455.0	409.636363636	301.956521739	398.893617021	271.625	358.7	318.028571429	274.7	326.235294118	402.12244898	189.75	439.0	171.25	250.12	198.555555556	148.272727273	346.731707317	261.0	208.8125	267.0	98.0	147.333333333	120.25	321.875	127.0	100.235294118	212.65	296.5	293.909090909	429.0	452.565217391	266.714285714	373.416666667	196.083333333	226.157894737	402.230769231	538.1	395.875	318.53125	300.607142857	224.090909091	318.0
alpha_rarefaction_901_7.txt	901	7	429.765957447	498.0	544.368421053	437.388888889	385.2	440.645833333	508.904761905	378.0	427.153846154	513.188679245	415.333333333	412.571428571	440.875	506.195652174	416.763157895	385.270833333	720.588235294	388.555555556	440.826086957	332.464285714	413.136363636	453.682926829	403.228571429	387.365853659	282.0	416.12244898	263.260869565	320.4	278.783783784	278.724137931	258.260869565	366.88372093	185.176470588	273.25	142.571428571	303.0	186.652173913	179.666666667	386.285714286	296.045454545	268.272727273	227.0	128.5	172.333333333	108.083333333	206.441176471	125.833333333	103.4	223.25	332.260869565	232.333333333	436.069767442	414.660377358	234.037037037	352.527777778	145.105263158	200.5	404.0	446.526315789	395.24	337.888888889	373.9	212.833333333	296.636363636
alpha_rarefaction_901_8.txt	901	8	443.765957447	512.396226415	499.56	487.8125	412.685185185	455.5	489.478873239	451.621621622	467.62	569.518518519	489.708333333	393.0	384.575	460.471698113	395.3125	492.0	485.120689655	259.7	436.833333333	292.428571429	433.025	401.534883721	362.80952381	390.357142857	399.666666667	545.090909091	221.724137931	307.076923077	292.243243243	314.052631579	261.24137931	369.448979592	201.714285714	318.884615385	129.0	202.384615385	205.44	183.615384615	341.717391304	405.75	161.166666667	162.0	148.333333333	126.555555556	194.0	241.44	126.5	215.25	201.571428571	243.105263158	220.0	560.666666667	456.568181818	269.545454545	433.535714286	265.111111111	221.4	450.434782609	440.875	379.78125	333.037037037	332.875	181.5	204.0
alpha_rarefaction_901_9.txt	901	9	601.90625	448.0	510.1	424.20754717	384.8125	399.0	497.35	441.0	510.0	652.022727273	469.063829787	431.243902439	397.763157895	513.666666667	479.441176471	479.0	625.1875	280.615384615	362.82	324.794117647	487.317073171	460.8125	414.206896552	351.45	250.0	407.488372093	238.40625	430.0	301.277777778	286.206896552	285.84	382.5	175.0	376.384615385	111.5	214.444444444	256.0	176.333333333	375.0	272.222222222	184.058823529	203.0	94.0	123.142857143	147.333333333	216.0	115.142857143	146.4	240.5	230.903225806	223.954545455	577.0	390.157894737	331.5	321.444444444	276.0	186.333333333	371.777777778	454.5	303.533333333	365.171428571	229.027027027	288.625	231.230769231
alpha_rarefaction_1000_0.txt	1000	0	378.958333333	551.926829268	556.897058824	400.93220339	451.346938776	476.857142857	439.084507042	458.902439024	476.5625	459.358208955	441.591836735	387.097560976	425.365853659	537.372093023	506.0	463.75	536.557692308	344.043478261	430.023255814	391.0	559.666666667	401.2	341.216216216	538.162162162	274.517241379	410.046511628	231.055555556	344.976744186	323.558823529	252.058823529	294.076923077	478.5	245.285714286	317.090909091	164.909090909	238.71875	261.0	141.9375	436.111111111	349.045454545	225.3125	328.153846154	112.545454545	133.555555556	146.5	317.954545455	120.428571429	113.714285714	191.142857143	254.137931034	197.4	570.11627907	454.807692308	282.5	345.790697674	202.083333333	218.352941176	388.387096774	424.875	364.137931034	385.37037037	288.0	155.4375	519.2
alpha_rarefaction_1000_1.txt	1000	1	368.529411765	491.615384615	517.385964912	492.020408163	459.139534884	494.125	550.058823529	478.384615385	455.139534884	549.346938776	529.8	381.382978723	357.875	462.25	445.459459459	442.5	491.8	253.941176471	463.5	410.6	462.488372093	474.1	566.730769231	363.25	267.121212121	467.097560976	223.2	397.896551724	321.571428571	405.052631579	270.714285714	501.871794872	198.9	316.607142857	116.833333333	300.954545455	263.130434783	173.0	410.222222222	249.285714286	244.090909091	266.105263158	101.0	169.0	178.090909091	270.730769231	132.833333333	134.0	202.666666667	239.375	198.107142857	516.227272727	463.636363636	267.774193548	402.216216216	152.473684211	181.05	456.0	503.5	464.8	431.807692308	289.538461538	206.25	279.0
alpha_rarefaction_1000_2.txt	1000	2	407.042553191	459.147540984	552.258064516	477.06122449	521.076923077	451.622641509	576.0	502.184210526	438.591836735	594.482142857	397.842105263	432.025	464.243243243	537.018181818	541.0	505.765957447	499.642857143	305.714285714	411.222222222	355.162162162	404.163265306	466.837837838	462.1875	351.936170213	397.588235294	444.0	233.315789474	385.1	341.59375	392.416666667	479.0	444.20754717	223.833333333	422.545454545	159.363636364	204.535714286	275.666666667	104.230769231	327.957446809	327.666666667	316.666666667	204.772727273	106.0	202.5	133.375	325.5	159.0	102.25	184.25	273.176470588	193.166666667	518.022222222	590.676470588	348.4	474.636363636	177.0	204.555555556	360.081081081	502.023809524	396.2	361.303030303	290.6	275.1	331.3
alpha_rarefaction_1000_3.txt	1000	3	501.222222222	523.842105263	559.246153846	486.279069767	486.037735849	446.935483871	516.754098361	428.885714286	439.875	529.492537313	486.666666667	542.555555556	397.78125	526.196078431	441.9	463.5	468.953125	322.5	462.135135135	468.724137931	499.731707317	419.518518519	368.375	400.272727273	212.8	422.0	275.037037037	384.171428571	350.483870968	372.454545455	305.476190476	404.725490196	204.5	371.129032258	139.3125	293.076923077	223.12	145.571428571	458.037037037	310.8	173.882352941	270.8	93.5	135.071428571	135.866666667	262.896551724	141.6	148.5	201.142857143	237.37037037	231.5	454.777777778	519.977272727	317.64	349.027027027	177.153846154	193.954545455	303.25	480.6	375.027027027	279.529411765	235.081081081	169.105263158	284.0
alpha_rarefaction_1000_4.txt	1000	4	462.25	453.014285714	487.545454545	495.842105263	526.692307692	486.078431373	496.196721311	476.459459459	412.024390244	610.448275862	527.022222222	454.692307692	401.763157895	511.282608696	512.216216216	434.108695652	577.016949153	318.090909091	427.12244898	326.090909091	475.977272727	474.15	429.903225806	426.333333333	275.757575758	461.519230769	251.043478261	451.0	309.090909091	291.565217391	383.55	418.108695652	219.5	401.045454545	309.0	263.625	283.5	179.333333333	495.785714286	256.107142857	258.071428571	231.333333333	92.9090909091	156.928571429	130.666666667	263.689655172	151.461538462	154.583333333	182.588235294	279.714285714	262.0	507.019607843	421.695652174	232.428571429	437.1875	169.176470588	213.5	336.0	387.666666667	315.923076923	391.0	289.0	190.176470588	236.888888889
alpha_rarefaction_1000_5.txt	1000	5	428.622222222	454.666666667	594.245901639	631.895833333	520.018867925	443.454545455	460.517857143	451.651162791	377.037735849	493.727272727	469.222222222	429.142857143	481.0	519.113207547	472.228571429	426.404255319	611.472727273	321.5	476.279069767	313.5	465.078431373	403.8	481.964285714	437.161290323	289.538461538	410.837209302	292.714285714	437.103448276	283.916666667	316.2	290.103448276	444.47826087	193.105263158	306.794117647	202.0	256.04	204.526315789	215.142857143	431.161290323	297.375	201.5	221.055555556	123.6	120.071428571	167.142857143	228.0	122.0	127.066666667	185.037037037	266.730769231	292.75	494.418181818	551.263157895	263.0	407.333333333	212.0	203.565217391	471.965517241	488.157894737	413.161290323	448.375	265.25	151.647058824	381.142857143
alpha_rarefaction_1000_6.txt	1000	6	380.471698113	522.058823529	512.048387097	400.015384615	455.857142857	434.75	497.096774194	392.87755102	414.285714286	518.056603774	487.56	388.529411765	453.609756098	491.775862069	409.733333333	440.636363636	509.333333333	337.260869565	539.085714286	330.428571429	363.142857143	418.0	464.0	339.837837838	323.05	545.081081081	265.714285714	309.394736842	350.028571429	282.451612903	312.6	376.381818182	185.0	366.125	140.461538462	290.5	236.375	134.5	430.4375	264.636363636	219.428571429	220.0	91.5454545455	163.571428571	141.090909091	221.032258065	122.083333333	130.428571429	168.136363636	229.483870968	181.0	484.071428571	504.568181818	245.84375	385.636363636	191.071428571	180.714285714	466.375	485.47826087	363.285714286	417.035714286	288.763157895	212.833333333	268.454545455
alpha_rarefaction_1000_7.txt	1000	7	516.590909091	481.754098361	570.705882353	442.381818182	467.842105263	595.666666667	502.6875	408.523809524	427.153846154	568.784313725	541.630434783	505.568181818	493.322580645	489.333333333	493.8	432.153846154	530.789473684	317.217391304	403.638297872	319.454545455	468.977272727	405.813953488	403.885714286	482.166666667	250.4375	462.333333333	388.5	357.023809524	344.125	297.037037037	434.055555556	506.738095238	254.1875	355.896551724	165.75	297.8	269.473684211	155.545454545	420.236842105	310.272727273	207.714285714	275.136363636	154.5	145.769230769	172.0	276.75	124.9375	135.090909091	220.55	314.2	216.0	464.2	489.622222222	271.433333333	424.0	237.0	217.730769231	332.333333333	424.956521739	340.107142857	355.75	407.666666667	258.6	291.375
alpha_rarefaction_1000_8.txt	1000	8	425.132075472	535.113207547	574.142857143	513.779661017	449.304347826	445.052631579	561.4	429.153846154	417.555555556	483.672413793	463.727272727	487.731707317	382.468085106	565.384615385	490.837837838	402.632653061	501.342465753	320.517241379	428.256410256	340.8	459.82	480.52173913	436.8	568.935483871	325.15	452.319148936	316.666666667	372.052631579	328.794117647	323.344827586	303.777777778	453.947368421	188.04	312.193548387	128.615384615	259.7	269.058823529	135.666666667	329.108108108	289.125	256.4	193.956521739	88.9090909091	130.555555556	133.0	296.103448276	112.25	140.6	183.4	206.576923077	188.25	464.25	486.318181818	350.894736842	333.567567568	210.333333333	237.235294118	465.0	449.894736842	328.6	334.03030303	309.096774194	189.5	298.636363636
alpha_rarefaction_1000_9.txt	1000	9	424.684210526	575.181818182	555.762711864	490.666666667	435.529411765	440.266666667	539.964912281	427.717948718	466.775	708.731707317	462.0	349.553191489	448.333333333	448.0	406.534883721	428.642857143	586.596774194	349.6	393.022222222	423.034482759	461.568181818	544.451612903	363.085714286	467.103448276	374.105263158	351.071428571	266.5	357.666666667	328.25	329.666666667	291.034482759	420.411764706	231.055555556	337.037037037	121.25	324.789473684	219.65	128.0	400.567567568	289.615384615	180.352941176	210.2	102.75	139.428571429	133.090909091	208.37037037	113.866666667	124.0625	258.428571429	249.137931034	177.041666667	634.525	471.12244898	283.956521739	547.391304348	198.588235294	196.875	437.384615385	418.117647059	397.387096774	277.833333333	301.322580645	131.05	367.0