	sequences per sample	iteration	SAMPLE_112474	SAMPLE_112475	SAMPLE_112476	SAMPLE_112477	SAMPLE_112478	SAMPLE_112479	SAMPLE_112480	SAMPLE_112481	SAMPLE_112482	SAMPLE_112483	SAMPLE_112484	SAMPLE_112485	SAMPLE_112486	SAMPLE_112487	SAMPLE_112488	SAMPLE_112489	SAMPLE_112490	SAMPLE_112491	SAMPLE_112492	SAMPLE_112493	SAMPLE_112494	SAMPLE_112495	SAMPLE_112496	SAMPLE_112497	SAMPLE_112498	SAMPLE_112499	SAMPLE_112500	SAMPLE_112501	SAMPLE_112502	SAMPLE_112503	SAMPLE_112504	SAMPLE_112505	SAMPLE_112506	SAMPLE_112507	SAMPLE_112508	SAMPLE_112509	SAMPLE_112510	SAMPLE_112511	SAMPLE_112512	SAMPLE_112513	SAMPLE_112514	SAMPLE_112515	SAMPLE_112516	SAMPLE_112518	SAMPLE_112519	SAMPLE_112520	SAMPLE_112521	SAMPLE_112522	SAMPLE_112523	SAMPLE_112524	SAMPLE_112525	SAMPLE_112526	SAMPLE_112527	SAMPLE_112528	SAMPLE_112529	SAMPLE_112530	SAMPLE_112531	SAMPLE_112532	SAMPLE_112533	SAMPLE_112534	SAMPLE_112535	SAMPLE_112536	SAMPLE_112537	SAMPLE_112538
alpha_rarefaction_10_0.txt	10	0	2.52942	2.69284	2.81374	2.6306	2.06702	3.03034	2.22574	2.80437	2.92382	2.81685	2.55876	2.57021	2.69899	2.86635	3.06607	2.90483	3.84126	2.77389	3.35351	2.61707	2.57601	3.35408	4.10566	3.70141	2.80318	2.41374	3.18217	2.98945	3.0699	3.31387	2.92065	2.60882	2.31896	3.15258	2.25641	2.65672	2.54583	2.54344	3.09062	2.65855	2.64685	1.64263	2.43373	3.89396	3.10438	2.28471	2.21594	1.82477	2.41508	2.82465	2.68535	2.84879	2.6006	2.52918	2.77469	1.81083	3.10759	1.19269	3.07253	2.68199	3.2098	2.40867	2.03434	2.54226
alpha_rarefaction_10_1.txt	10	1	2.47945	3.28081	3.17893	2.83246	2.94152	2.95874	2.42516	2.70269	3.09335	2.92994	2.39579	2.68888	2.87229	3.254	2.75503	3.46989	2.80155	1.82117	3.04148	3.54687	3.41746	3.32431	2.30523	3.46571	2.76248	2.07336	2.98553	3.18056	3.17792	2.59911	3.28814	3.20228	2.82307	2.71174	1.86636	2.74555	3.74568	2.60918	2.20243	2.18685	2.91234	2.88039	2.48123	2.82939	2.81375	1.98605	2.81367	2.10183	2.62602	3.5586	2.43248	2.8162	2.37901	2.7753	1.72244	1.62654	2.98483	2.29049	3.10894	2.93033	3.40824	2.47084	2.83161	2.24945
alpha_rarefaction_10_2.txt	10	2	2.03382	2.97054	3.04391	1.9453	2.29604	2.2343	2.49403	2.24242	2.63404	2.86667	2.99208	2.98641	2.54558	2.54672	2.64646	2.46179	2.84886	2.08873	2.45033	2.75384	2.53783	3.22592	3.01681	3.59362	3.1231	2.69338	2.8755	1.74584	3.63476	2.87587	3.0242	2.82679	1.98911	2.49015	2.67436	2.05601	2.61102	2.82484	2.41415	2.66468	2.15385	2.16731	1.93273	2.99302	1.95559	2.50799	3.17465	2.57143	2.63989	2.41367	2.67076	2.85032	3.71043	2.54403	3.06105	2.57983	2.41739	2.55649	2.7989	2.6719	2.5075	2.98531	2.20147	2.16815
alpha_rarefaction_10_3.txt	10	3	2.56813	3.12237	2.44546	2.621	2.41863	2.41256	2.46862	3.19639	3.00122	2.77634	2.37039	2.77648	2.55765	2.4821	2.69091	2.3093	3.07623	3.28214	2.80183	2.77744	2.94127	3.49535	3.70884	2.97795	3.73754	2.57447	2.55476	3.35201	2.71564	2.3696	3.49429	3.24776	2.37398	2.4899	2.38714	2.52816	2.97063	2.88192	2.84133	2.36179	2.37994	2.92576	2.9911	2.87237	1.91521	1.99313	2.54158	2.38658	2.45175	3.20778	2.81427	3.27635	2.9486	2.65938	2.83699	1.81114	3.19978	3.3893	2.93581	2.4695	2.49437	2.26356	2.89142	2.4875
alpha_rarefaction_10_4.txt	10	4	2.66913	3.12656	2.38419	3.3255	3.31212	2.32491	2.17625	2.37855	2.67058	3.50909	2.42537	2.63369	2.75843	2.7524	2.70723	2.95806	2.96021	2.15642	3.56936	3.19147	2.61975	3.72913	3.20762	3.47475	3.22598	2.7903	3.10582	2.68734	2.75967	3.00936	3.45065	3.85822	2.41302	3.53866	2.0281	2.21485	2.72237	2.01418	2.36655	2.18138	3.04028	3.37177	2.87364	2.37366	2.25365	3.02544	3.08549	3.0215	3.25459	3.10451	2.45363	2.53517	3.03445	2.49101	2.42828	2.09125	2.77415	3.0763	1.76576	3.47422	2.26388	3.50714	2.9323	2.32743
alpha_rarefaction_10_5.txt	10	5	2.6218	2.97463	2.82924	2.31087	2.56921	2.30445	2.25317	2.35537	2.8515	3.73344	2.77743	3.42986	2.44956	2.50771	3.18262	3.11273	3.139	2.60172	3.44172	2.52228	3.04447	3.31506	2.43468	3.26485	3.31452	3.75725	2.21365	2.17484	3.54749	2.88005	3.19936	2.81735	2.17323	2.94294	1.85353	2.08293	2.61817	2.41519	2.17155	2.68104	2.79428	2.14596	2.50345	2.98966	2.68109	2.53753	3.10386	2.37153	2.92295	2.83072	3.31858	3.43575	3.55421	1.87389	2.34049	2.01168	2.50597	2.34076	2.97434	2.1012	2.43917	3.33985	1.97986	2.04849
alpha_rarefaction_10_6.txt	10	6	3.29568	2.3022	3.78229	2.62889	2.17272	2.08987	2.82726	2.78629	2.78672	3.33021	2.67425	2.75645	2.92395	2.93581	2.77784	3.09085	3.76014	3.22858	3.41893	2.72142	3.39443	3.06816	3.21096	3.30882	2.97588	2.74174	2.96453	3.02923	3.02011	3.07139	2.51317	3.10716	2.77966	3.35999	2.3672	2.48353	2.1638	2.68265	3.28327	2.73338	2.35557	1.78538	2.8657	2.87736	2.456	2.13278	2.668	2.5377	2.50342	3.36133	3.07124	3.25246	2.90362	2.5375	3.21292	2.56607	2.33604	2.45215	2.81614	2.05658	3.03141	2.77976	1.98224	2.57217
alpha_rarefaction_10_7.txt	10	7	2.58596	2.63476	3.30699	2.68479	2.55381	2.23519	2.24103	2.85937	2.44027	2.6974	3.09283	2.87633	2.23273	2.65299	3.31259	2.91206	2.14489	2.8756	3.05876	3.22132	2.58102	3.34443	2.84021	3.79908	3.05332	3.48974	3.1619	2.65411	2.71251	2.82665	2.57087	2.74114	2.96947	2.77704	2.97072	2.51708	3.03569	3.05264	2.61428	2.3112	2.3323	2.67246	2.81138	3.06896	2.47401	2.46347	2.45842	2.42213	2.48372	2.18069	2.80907	2.8125	3.49481	3.1108	3.43522	2.04775	2.64066	1.92495	3.71103	3.45097	3.11364	2.73351	2.23983	2.7462
alpha_rarefaction_10_8.txt	10	8	3.11614	2.73596	3.24516	2.22772	2.92833	2.13356	3.08212	2.40986	2.20968	3.01596	3.11791	2.93437	2.25541	1.77538	2.52293	2.88445	2.20053	1.65497	3.23236	3.48211	3.09348	3.19152	2.95854	3.29006	2.40884	3.10808	2.73586	2.97931	2.44091	2.8449	3.3271	3.34753	3.68611	2.39122	2.26868	2.23625	2.97853	3.05174	2.31706	2.48404	2.31759	1.61028	3.08496	3.18642	2.01543	2.86691	2.68015	2.58349	2.3366	2.93237	3.2399	2.90301	2.85948	2.3218	2.59808	2.36527	3.65545	2.40217	2.59061	1.69862	3.22363	2.76129	2.28612	2.52101
alpha_rarefaction_10_9.txt	10	9	2.30028	2.9358	3.31304	2.40287	2.36793	2.30027	2.6095	2.48366	2.6204	2.51114	2.49322	3.36022	2.51808	2.98416	3.27838	3.78368	3.26092	2.66327	3.13723	2.76801	2.89353	3.21973	2.54862	4.07894	3.50642	3.07321	2.77517	3.07544	2.74245	3.66191	3.33813	2.76933	2.63408	1.92256	2.64149	0.70892	2.63545	2.16403	2.37043	1.52034	2.86346	2.94777	2.30039	2.14008	2.31475	2.61358	3.08295	2.71893	1.62061	3.0919	2.63614	2.4349	2.30625	1.95483	2.10894	2.48293	2.71457	1.14933	2.80643	2.18501	2.64324	2.15238	2.53278	2.17289
alpha_rarefaction_109_0.txt	109	0	9.85138	11.00232	11.97423	11.41262	10.52407	10.06139	10.60953	9.71635	10.53891	12.03697	10.29683	11.07455	10.19292	10.19207	10.44405	10.64709	12.09421	7.53183	12.92155	9.47558	10.64159	12.1962	9.70121	11.39485	9.10415	12.64938	8.59503	10.96538	10.12019	10.97445	9.4906	11.30178	7.4869	9.83027	6.56304	16.14942	8.23645	6.67363	9.28283	9.44071	7.07769	9.40338	6.84824	7.1296	5.64786	9.17736	6.72402	5.08154	6.49855	9.40757	7.90557	12.71005	11.88274	8.64375	8.93952	7.22794	8.36442	7.60419	12.23248	10.87429	8.66135	10.48011	6.95165	8.01698
alpha_rarefaction_109_1.txt	109	1	9.84055	10.4158	12.23583	10.171	10.4443	9.92385	11.85808	8.42179	10.09061	10.47317	10.939	11.7944	10.55036	9.91345	10.87249	10.54515	11.72846	9.02887	11.72769	10.65231	10.89779	12.84925	10.35707	11.55711	8.36479	11.16584	8.28834	11.4615	9.41694	10.56926	8.56314	10.80841	7.76524	9.04192	7.25918	7.31105	7.38725	6.21663	9.82693	8.42674	6.98283	7.98846	5.18297	8.72801	5.89995	8.02833	7.1877	6.1316	8.49327	9.16923	7.5063	11.93128	10.91768	9.22313	9.74985	6.50565	9.20933	8.96187	11.66379	8.59518	10.24025	9.41283	7.10709	7.59051
alpha_rarefaction_109_2.txt	109	2	8.22076	10.44492	11.42879	8.72935	10.08432	10.63354	10.39646	8.05916	9.52784	10.70639	9.69798	9.59776	7.64719	11.54249	9.78285	11.50359	10.60595	7.03858	11.3309	8.94842	10.30682	12.6604	10.18193	12.88397	6.52512	11.45822	6.70991	9.89086	10.51309	9.00318	8.86434	10.78438	6.67636	9.3834	6.25904	6.88809	8.42516	6.59683	11.89665	8.75542	6.28999	7.97696	5.72381	7.13729	5.70926	16.62318	6.84575	6.77507	8.05405	8.56421	8.591	11.68915	11.30033	10.95043	7.26752	6.5582	7.05179	8.14829	10.36678	10.41752	10.47038	9.11121	6.38559	6.90181
alpha_rarefaction_109_3.txt	109	3	9.33383	11.29291	12.5842	8.93291	10.93715	10.25128	12.45995	8.83445	10.31087	11.59494	10.16079	12.14576	9.01103	11.56134	11.8146	12.00545	12.0404	8.89236	11.89833	9.06597	10.54402	11.56272	9.75754	10.63771	9.59357	10.97648	7.36792	11.83577	10.48334	9.06908	9.28524	10.77991	6.89159	10.92488	6.06731	8.49845	8.40116	6.75664	9.82127	8.24992	7.70842	7.7437	5.657	8.20738	6.71919	8.34318	6.48281	5.50301	6.6102	7.22167	8.50068	13.86923	11.87653	8.8337	8.46887	6.29101	8.11194	9.47296	11.18664	9.96636	8.82404	9.56993	7.56994	9.03813
alpha_rarefaction_109_4.txt	109	4	10.36779	10.07732	11.09693	10.39307	9.53086	9.83362	10.53888	8.33216	8.96431	13.83851	9.51448	11.86454	9.27473	9.84762	12.64382	10.18746	12.76859	6.79447	10.11912	9.95242	11.27543	10.83321	10.60738	12.14361	9.42283	11.07519	7.10166	11.23296	11.61446	10.84144	8.54088	14.03483	7.06639	9.63666	5.92271	8.42972	7.50698	6.32707	10.10255	8.40066	7.55834	7.8914	5.7288	6.86445	5.74736	7.96122	8.01842	7.24475	5.96809	8.60883	7.64428	10.03592	12.27181	8.99381	7.88316	7.82079	7.03079	8.94597	9.81952	9.0892	9.73183	7.32849	6.05479	8.69699
alpha_rarefaction_109_5.txt	109	5	10.05172	11.64118	11.52902	11.40582	11.89229	10.12156	11.73169	10.29011	7.79976	11.5787	8.82869	10.11201	9.26729	9.45711	11.54911	12.16914	12.16534	9.56783	10.31447	10.5403	11.22877	12.41774	10.43075	11.04518	9.21986	11.2428	7.52753	10.1039	9.86619	10.09679	9.24911	12.14392	6.40448	10.76231	7.01911	7.11743	8.48042	6.43463	9.26258	9.46423	6.00897	6.93794	5.95597	7.19721	6.85852	10.58689	7.04542	7.04268	8.27764	10.67807	7.59158	12.08631	11.58902	8.57715	7.96704	7.01336	8.85715	8.07766	10.92828	9.91164	9.2761	9.24064	7.58887	9.10694
alpha_rarefaction_109_6.txt	109	6	10.2029	10.58051	11.68097	9.55106	9.5926	9.24876	10.91703	9.25377	10.49765	11.10478	10.53106	10.23626	9.08421	10.36541	10.76736	10.69403	13.88043	9.10549	10.86368	9.98647	10.91866	11.49784	11.01729	11.74701	8.83271	10.53119	10.13677	10.80406	10.84732	11.98214	8.35898	11.4137	7.38027	10.39041	6.27395	6.54852	7.68343	7.17198	9.70036	9.28295	5.84736	10.20612	5.33989	6.66132	5.76109	8.39728	6.85293	6.03957	7.22775	7.38627	7.20521	12.886	11.14042	7.54816	7.11628	6.25096	9.03812	9.69139	12.15804	10.35123	8.8769	8.80678	5.58434	8.38834
alpha_rarefaction_109_7.txt	109	7	10.83324	10.54835	10.93427	9.21507	8.60155	10.0033	12.92172	9.26966	9.448	11.92817	11.07113	11.43818	9.42879	10.4113	12.69155	12.34755	12.66881	9.57043	10.77624	9.58675	10.70559	12.22764	9.74007	12.1024	9.04048	10.87405	8.37956	11.16333	9.78489	10.42301	9.32081	11.34122	7.14938	10.07306	7.06428	8.4172	7.64695	7.31403	9.91039	10.31193	6.88307	6.91026	5.58741	7.20459	6.90073	7.82359	6.97161	7.42318	8.92493	8.28527	7.13498	12.05283	10.2422	9.14934	8.05802	6.34223	7.96027	9.50966	10.25962	9.07099	10.36758	9.41509	6.60932	9.5975
alpha_rarefaction_109_8.txt	109	8	8.72929	9.66376	13.36819	9.86297	10.50372	11.03969	11.9089	8.24304	10.1913	12.32978	10.46602	11.80798	7.89292	10.73777	9.90659	11.26554	10.62815	7.52552	12.48567	8.55113	11.75877	12.00495	9.48593	11.90313	8.64552	11.88272	7.75117	12.84277	10.78013	8.45859	8.88462	13.20418	8.11015	10.09809	7.46922	7.40137	8.78566	6.26195	9.90896	17.00489	5.93317	7.20797	5.63722	7.05539	5.97628	17.20959	6.76004	7.52608	6.67165	8.42138	6.87584	12.21838	11.43719	8.20846	10.2131	6.23857	8.05731	7.74006	10.57458	9.44721	9.25582	8.10116	6.01804	8.1299
alpha_rarefaction_109_9.txt	109	9	9.31801	10.16583	11.73016	9.92313	8.85878	11.74085	10.59798	10.61371	9.95946	11.54456	10.51356	12.04002	9.61616	11.5939	12.33589	11.62798	12.87446	9.49159	11.39886	9.52426	11.32849	11.2275	10.08453	10.17303	10.99719	12.63561	7.85947	10.50855	11.08112	9.71156	9.11338	12.03351	6.68819	10.61941	5.17755	7.11008	9.21068	6.38176	8.65972	9.35764	6.51283	7.76221	6.29165	7.44705	5.61625	9.55218	6.7002	5.86843	8.14813	8.84348	8.32162	11.82763	11.43957	7.81032	8.27742	6.48455	7.63752	9.29701	9.9529	9.49971	8.9148	7.95417	6.49052	7.80169
alpha_rarefaction_208_0.txt	208	0	13.17601	14.47054	17.1358	14.40272	15.17802	14.13803	14.961	12.19253	15.18985	17.0879	12.65761	13.38916	13.1929	14.4943	14.83997	14.69858	16.10812	10.54387	15.19378	13.13103	16.92243	16.37264	14.4316	14.41045	12.01744	15.95439	10.63126	15.25718	13.60854	11.71964	12.24239	14.29874	9.60578	11.90307	7.62759	11.17816	12.29581	7.9437	14.55887	12.86513	8.35349	11.78169	6.16624	9.42428	7.9149	20.59913	8.42078	6.59935	8.61014	11.19781	7.93961	16.18594	14.39378	11.05937	12.62373	6.97579	10.82146	11.69643	14.15732	13.14828	13.6448	11.61355	16.53132	10.66995
alpha_rarefaction_208_1.txt	208	1	12.24484	14.40187	16.14456	13.10442	13.56965	14.79103	15.90295	13.64561	13.83088	16.80746	14.8518	15.62532	11.96577	15.69041	15.1384	15.42761	16.21977	10.69815	15.96409	13.74331	15.6195	14.76888	14.38851	15.55235	11.82464	16.53135	9.78062	14.99259	14.57995	14.49793	12.70243	15.55485	8.35845	13.05328	7.02574	11.60909	10.43419	7.96512	16.02575	14.19285	8.83278	9.13788	7.02029	9.95845	7.02742	11.41269	8.70814	9.35415	9.25795	11.87307	18.70796	16.63972	15.19582	10.56956	10.84741	8.81177	10.28579	12.19439	14.47847	13.33363	13.16483	13.37205	9.89539	11.28677
alpha_rarefaction_208_2.txt	208	2	12.92417	13.70752	16.04473	13.54022	14.39608	12.9956	16.45253	13.43321	14.23844	15.20759	13.44928	15.36756	11.70825	15.1009	14.28821	15.94687	16.76703	12.2312	13.88157	12.22685	14.47983	16.18027	14.15089	14.92486	12.15973	15.91495	12.82378	13.60965	13.20174	12.33788	13.10506	16.99732	9.24179	11.12016	7.20794	11.00372	13.26087	7.08146	13.49204	12.67244	8.20041	11.10589	6.41993	8.16141	7.47314	11.46318	8.46308	7.71004	9.57172	11.66405	18.95375	16.5025	14.1615	11.10973	11.80898	8.03756	10.21718	12.23014	13.49926	11.2761	11.72741	12.19622	9.366	11.89538
alpha_rarefaction_208_3.txt	208	3	13.10867	13.93091	16.46681	14.68772	14.00145	13.70914	14.98553	12.55227	12.18694	14.7397	13.47482	13.76588	12.92986	15.60546	16.24002	14.93652	14.67336	12.0748	15.77883	11.73365	14.70007	17.11501	13.44799	16.00797	12.90173	14.46672	11.93321	14.86964	13.12968	12.57335	11.22941	15.68017	10.69497	13.10295	8.95901	10.92213	9.95384	7.80366	13.99561	13.09311	8.06706	9.51623	6.87542	8.57106	7.30957	12.12376	9.65069	7.91461	8.18647	12.98733	9.912	16.57963	15.01917	11.06239	11.65025	9.91574	11.79082	14.5678	14.82838	13.00231	12.86431	11.73155	8.26974	11.55708
alpha_rarefaction_208_4.txt	208	4	13.05969	14.13772	15.63804	14.81501	15.34103	15.24332	15.44408	14.22732	11.96358	16.36092	14.06594	13.69082	13.09033	15.40413	14.53464	16.41011	17.64591	12.76465	15.27224	13.05921	14.68766	16.64542	13.75663	15.47838	12.2878	15.83905	10.70268	13.70808	13.58671	12.2385	11.82809	15.22698	10.90195	12.40024	8.5163	12.41404	10.92609	7.72378	15.45804	12.97704	8.77255	9.57752	7.12047	9.51524	7.55662	12.99018	8.04951	8.67993	10.15371	11.35601	8.94949	16.45202	15.53639	10.01927	10.39286	8.10024	10.70037	13.71386	13.90847	12.15712	10.97931	12.04918	8.72938	10.60959
alpha_rarefaction_208_5.txt	208	5	13.40325	15.04228	15.88368	13.39816	15.16043	15.79495	14.70007	12.83553	14.93275	17.02428	12.70517	12.14425	13.31686	14.33947	15.09129	15.02798	15.9499	12.56913	13.66082	11.39399	15.9497	17.3085	14.11475	14.11636	11.51551	15.39032	11.3798	14.22869	14.57146	12.51718	12.95278	16.46899	9.35347	12.58912	8.34222	10.86746	11.73767	8.13763	14.90757	13.28614	8.46201	11.75303	7.81356	8.54831	6.58835	11.85277	7.47615	8.15303	8.8164	12.18148	10.49319	16.28071	13.95801	11.34313	12.63198	8.82941	10.98143	13.56891	14.72161	12.50951	13.3483	13.8467	8.36314	11.45451
alpha_rarefaction_208_6.txt	208	6	14.06545	14.38566	16.47259	14.22403	14.1586	13.67516	15.51461	13.4583	13.83008	15.78427	13.41177	16.02	13.88742	13.86329	14.85518	14.07478	15.45587	9.42497	15.37507	13.49349	14.17982	16.61634	13.74433	14.59689	21.03591	15.80079	11.64549	15.4733	14.65558	13.74614	11.17318	15.46517	9.56846	10.52898	8.41913	11.15239	10.8239	7.1735	12.74498	12.37866	7.56295	10.66737	7.08011	9.05082	7.61903	12.15298	8.79336	8.32655	9.7228	9.15788	9.89758	16.54673	14.78286	18.44989	12.78876	8.55483	11.25778	12.24091	14.69221	13.88989	12.77426	11.50479	8.72486	11.99056
alpha_rarefaction_208_7.txt	208	7	12.85315	15.08012	15.99251	13.40832	16.03489	14.90536	16.3883	13.46071	12.9349	14.51298	15.35625	12.1246	13.32514	14.11829	14.00477	15.81929	16.01055	12.49446	14.58252	13.23336	15.5744	14.80775	13.22281	16.49512	12.87718	13.56915	10.30738	13.71922	14.91299	12.55504	11.71403	15.72487	9.84666	13.76514	8.06561	10.62466	9.89193	8.99328	13.9566	12.41985	7.45806	10.58883	7.46945	9.46355	6.92129	11.55123	7.321	7.09169	8.64301	10.25661	10.8898	16.35476	14.79307	10.78131	11.00074	8.76429	10.68816	13.26479	14.09265	12.55277	13.82692	12.77371	9.07887	12.04949
alpha_rarefaction_208_8.txt	208	8	12.34903	13.19343	15.83233	13.79927	15.15439	14.89612	17.42209	13.41951	12.58434	15.8334	14.29055	14.83594	13.42311	13.45707	12.84829	14.76869	15.84742	10.91276	15.01146	12.04494	14.7207	16.79703	14.39837	17.02184	11.58264	15.64742	11.94587	15.09073	13.92793	13.19034	12.18598	18.0146	11.05298	12.92443	7.46446	11.51766	10.66683	7.91193	14.67815	12.59144	8.35573	11.76016	7.03285	9.4221	6.92286	11.16113	8.24188	7.02089	8.11624	11.07589	8.87184	15.64577	16.09202	11.10877	12.6304	9.40693	12.37723	11.02882	14.40686	11.85042	13.44709	11.85889	7.96409	10.16803
alpha_rarefaction_208_9.txt	208	9	13.24622	15.28675	17.32811	15.86404	13.99547	13.263	15.90465	12.03866	16.06904	16.16505	13.32231	16.01325	13.27478	15.42698	16.35617	15.74539	17.96682	11.29051	16.03314	10.8211	16.85389	16.32976	12.75926	15.53836	12.7653	15.25004	11.22989	15.12032	13.12205	14.36371	11.4158	16.39889	10.30296	11.81749	7.86466	10.96697	11.3598	8.10081	13.67715	11.35071	9.58743	9.70536	7.32586	10.04957	7.34189	11.14018	8.28292	7.85799	9.73001	13.35769	10.44726	17.14502	17.28939	11.79603	11.10792	7.45147	11.32707	12.47253	14.39361	13.2601	12.42955	12.25747	7.1845	11.25653
alpha_rarefaction_307_0.txt	307	0	14.22164	17.66348	19.81585	15.28364	16.94907	16.69658	18.36833	15.10248	17.11899	17.71938	16.61044	16.08939	15.49904	16.19651	16.7627	18.28548	19.0385	14.06856	17.99927	14.02652	17.72608	18.98053	16.8746	17.50699	14.49079	17.0728	12.20916	16.73259	18.83511	15.09289	13.89311	18.6418	11.2514	16.65097	8.59609	12.60902	12.49777	9.3967	17.53607	16.83038	10.8485	12.70373	7.57298	9.97756	8.17433	13.26364	9.10267	9.73013	11.10319	13.63014	10.51212	20.00022	17.55805	13.63691	13.81668	11.15844	12.95429	16.64701	19.92042	15.94963	17.03783	15.5904	9.88097	13.87807
alpha_rarefaction_307_1.txt	307	1	14.65596	17.77115	18.96825	16.11575	17.30743	16.49967	18.16438	15.59614	16.53374	19.69589	16.37527	16.38505	14.90577	17.10998	17.55994	15.92293	20.06226	15.29534	17.87002	15.61233	16.18874	18.96684	16.1097	18.06292	13.4862	18.7288	11.30789	17.30568	16.52791	15.91928	12.76065	18.90202	10.43142	13.54828	9.81042	11.7509	12.57407	7.78242	17.16265	13.37948	10.16221	11.7634	8.56884	9.44361	7.06231	14.34206	9.30199	7.39296	10.8292	15.26023	11.28465	18.73723	19.10342	13.9045	12.83613	9.67452	13.39283	15.86738	18.64671	15.44441	15.59794	15.15135	9.64504	14.72754
alpha_rarefaction_307_2.txt	307	2	17.19363	17.24633	20.26298	16.34385	17.24298	16.13768	16.88247	16.75863	15.27886	17.17865	16.94455	18.89867	13.8663	17.65199	18.24167	17.9499	19.8242	13.55962	19.82294	12.92647	17.81558	18.81433	16.26951	17.34153	12.37694	17.78997	11.73325	15.39146	18.22858	14.38623	14.64646	18.65173	11.92075	15.48364	18.22613	22.27829	12.97423	9.83833	15.47716	14.00376	8.81202	12.30702	8.48345	10.34656	8.62939	13.2953	9.53068	9.16568	10.37201	13.23814	11.21484	19.18028	17.93184	13.25188	13.07175	9.50769	13.7197	14.78391	18.78612	15.368	17.29881	14.32977	11.41241	13.23594
alpha_rarefaction_307_3.txt	307	3	16.55008	18.51085	18.63935	17.32681	15.57736	17.11958	17.36101	15.9369	15.50684	18.16823	17.11955	17.13923	15.75753	16.12302	16.88871	18.249	19.16304	13.16037	18.64644	14.70786	16.34412	19.05524	17.08779	18.97567	13.01282	18.58799	13.58271	18.44707	17.65413	13.60785	12.71187	19.16898	11.01108	16.22619	9.30695	12.21456	12.30724	7.74666	16.82848	21.90938	10.8358	11.09607	7.74722	9.67823	8.536	12.38906	8.65321	8.89393	10.70865	12.90022	11.96596	19.32435	18.4664	14.59864	12.13506	11.06293	20.56994	14.62972	17.96311	14.32798	14.66822	13.98541	9.99156	14.34589
alpha_rarefaction_307_4.txt	307	4	14.40016	18.42011	19.38084	15.58554	16.83359	17.41991	18.62349	14.33082	15.49485	19.60233	19.92781	16.69136	15.53662	17.9245	17.75285	17.68958	21.46131	13.2551	19.79034	14.1425	17.82746	18.92013	15.89521	18.93747	14.13822	17.87442	13.56601	15.76344	16.01674	15.05702	14.88501	18.87566	11.92017	15.21398	9.10894	14.29647	12.41287	9.02909	17.08806	23.13243	10.07327	11.71879	7.82429	10.13039	8.54605	12.5427	8.87222	9.47732	10.87512	14.62705	11.02041	18.31119	16.00215	22.98339	14.3321	9.15393	11.20463	16.49359	16.99966	16.06675	15.20795	15.00532	9.76708	13.34877
alpha_rarefaction_307_5.txt	307	5	15.33837	17.3753	19.41794	16.3692	16.08471	15.72331	19.11605	15.56975	15.21822	19.15219	16.6036	17.09897	15.40746	18.04093	19.3881	18.94926	19.90027	13.32698	18.6954	13.95913	18.09541	16.70649	15.94411	18.41357	12.46341	18.2286	12.40809	16.82151	15.9954	14.15764	14.2111	19.73684	12.14946	16.89037	9.05575	12.83456	12.99436	8.15875	17.09762	15.02508	9.37609	11.68258	7.20908	9.73834	8.94148	15.38065	8.47825	8.4236	11.35784	13.24872	12.2453	18.87586	18.47097	11.90005	13.66687	9.56216	11.15779	13.7936	17.63777	15.98794	15.28196	13.3905	10.54215	14.95647
alpha_rarefaction_307_6.txt	307	6	15.70804	17.38643	17.73864	17.70542	17.36495	16.95526	17.32478	15.511	16.81998	18.62397	15.77338	16.94849	14.92674	16.68138	18.5002	17.21606	18.35744	14.03349	17.93357	15.71804	17.91013	18.31008	15.9717	18.76268	13.38879	17.5494	12.28905	17.04465	15.76369	15.40993	13.60658	17.16909	12.69096	15.82868	8.853	20.8596	11.7636	8.78954	15.65516	14.38392	10.8154	11.94025	9.19205	10.72504	8.65842	21.62663	8.8553	8.68772	10.30258	13.08306	11.46892	18.79769	18.78577	12.56446	13.92272	9.90557	11.30875	17.19077	18.21441	14.53169	15.34487	14.57428	10.00334	11.97083
alpha_rarefaction_307_7.txt	307	7	15.41915	17.5079	19.96908	16.94399	18.42266	16.63957	16.95036	16.40316	15.28146	19.03388	17.68046	18.00943	15.35162	20.12894	18.07118	18.26764	19.02415	13.43862	17.11168	15.43273	17.3962	19.74358	17.38469	19.48024	14.3591	20.26114	11.99063	16.69098	17.01178	13.68357	14.21062	20.16008	10.78804	15.60249	9.35532	12.8902	11.93506	9.36651	18.1168	15.26446	9.90572	12.54221	7.22876	10.83306	9.57118	13.92539	9.44388	7.89992	10.4728	14.40531	11.38246	18.29873	16.41299	13.50041	15.0439	11.17296	12.70334	15.67627	17.30314	14.77965	17.02285	15.33042	9.72748	14.18616
alpha_rarefaction_307_8.txt	307	8	16.01673	17.28098	19.94472	18.21103	16.94172	16.22653	18.10318	15.42717	17.14335	19.78515	17.82623	17.87779	14.75816	17.61203	19.01568	18.26219	19.43539	13.37667	18.32781	14.43018	17.25082	18.5571	17.70553	18.69359	13.67585	19.38494	13.34395	17.03294	18.04748	16.71306	12.62066	19.45509	11.16026	16.09225	8.58039	10.72084	12.77493	8.32258	16.25245	14.75111	10.71829	9.60175	6.88065	11.59952	9.48664	13.25504	9.14826	9.66526	9.4598	14.0391	10.69255	19.77447	17.05001	11.67909	13.08608	10.90679	12.37344	15.67884	17.44685	15.48671	14.29089	14.37586	9.66766	13.25883
alpha_rarefaction_307_9.txt	307	9	15.78188	16.83088	19.8367	16.70345	15.59007	18.02674	18.0479	15.47056	17.45765	17.30123	16.58481	15.65608	15.04343	17.0645	17.64813	17.53114	19.0305	12.41949	16.61614	15.46606	18.61402	18.60378	15.28796	19.01887	16.2282	17.51013	12.43675	18.64062	18.48594	14.06693	13.62739	19.44114	10.44235	16.36553	7.74542	13.38051	12.858	9.0475	17.19358	16.08323	11.0479	12.64956	6.93106	10.2853	7.67482	14.23416	8.24393	9.72674	11.31515	14.0465	10.65924	19.30688	18.59523	14.48281	14.98886	9.46618	12.84245	15.80185	16.86996	15.05123	15.6057	15.96734	11.15068	12.90997
alpha_rarefaction_406_0.txt	406	0	17.81623	20.06737	22.34313	18.55666	18.22297	18.29942	21.64092	18.21014	17.09406	21.3468	20.03059	19.13083	14.9864	19.77334	19.33839	20.62887	21.88993	14.00612	20.95732	15.42192	20.41111	21.47437	19.55479	20.65005	15.63589	18.22931	14.04966	18.26567	17.43825	16.25693	14.76724	22.16809	14.00494	17.00537	10.9227	15.55398	16.45444	8.88159	18.19487	16.83097	12.54088	14.50237	8.67036	12.7818	9.06982	23.21663	9.77616	9.2439	11.2653	14.83559	12.65921	21.75052	21.20851	15.40399	15.60062	9.80478	12.49801	17.83813	21.08854	15.78261	18.28857	17.74592	11.42324	15.53341
alpha_rarefaction_406_1.txt	406	1	18.3616	20.92104	21.2383	19.08015	20.65521	20.65226	19.42272	19.19858	19.99926	19.95236	19.99989	17.67379	17.17634	19.69794	19.71501	20.03977	20.1684	13.49454	22.93594	16.35365	20.9261	20.58276	17.40805	20.12655	15.87267	19.17623	14.63271	17.64194	19.54449	19.29688	15.75275	20.8299	13.97286	18.12353	10.35686	14.05522	15.91602	7.89349	17.53057	17.64224	10.46792	12.44649	8.54387	11.51478	9.57561	16.89581	8.85592	8.67542	12.12544	15.65906	13.57557	20.146	20.55276	14.61949	16.03136	10.48262	14.37384	17.36602	19.17538	16.75958	17.53099	16.65598	10.60699	15.00505
alpha_rarefaction_406_2.txt	406	2	19.56806	20.81049	22.29739	17.9797	19.1554	21.14759	22.03038	16.78257	18.593	21.91428	20.21945	17.80542	16.4771	20.6161	19.51055	19.38083	20.84316	14.91661	19.10679	16.08601	19.72133	22.45054	19.74131	21.14528	14.78525	20.30073	13.73358	20.9968	17.28413	17.4012	14.84738	21.76454	13.37767	16.11237	9.08773	22.19729	15.35635	9.85652	18.46293	16.70942	12.27317	13.35382	8.91024	11.80864	8.82694	15.27696	9.16145	8.56141	11.34295	15.18884	12.53854	22.86098	21.10135	14.2965	15.95506	10.78652	12.79464	18.60582	20.07712	17.89604	15.9545	17.71305	11.4294	16.11192
alpha_rarefaction_406_3.txt	406	3	17.58003	20.86569	20.10032	19.06339	19.41256	19.12724	21.6407	16.56048	16.64234	22.45211	19.81231	17.28549	16.21442	19.66348	20.87663	20.39033	22.32596	14.53752	21.65564	14.99609	20.97142	21.53609	20.4479	21.81559	14.41757	20.68585	15.30346	18.3902	19.45083	18.47315	14.11024	22.18251	14.02344	17.98815	9.43969	14.23807	14.72526	9.27459	19.48554	26.04279	12.28809	13.56929	8.10076	12.11322	9.29342	16.31927	9.92812	8.56534	11.17355	14.48381	12.90701	22.12409	19.98731	15.83459	14.91828	12.02443	13.40944	18.51836	19.16364	18.75078	18.01121	18.12988	10.993	16.36498
alpha_rarefaction_406_4.txt	406	4	16.26948	20.32985	22.39205	19.36856	18.25287	18.45112	22.0996	16.41754	18.32514	22.32514	19.27604	17.68661	16.96032	19.28373	20.59806	21.83009	21.47684	15.68644	20.42492	16.91192	20.50459	22.12552	19.79696	20.88864	17.11646	20.22579	15.08737	18.55307	18.12038	15.40925	15.24291	21.87638	10.25858	17.73276	9.37191	12.98385	15.58382	8.86188	20.10747	26.17665	9.77471	14.49343	8.41487	11.53613	8.79671	23.43637	8.90587	9.76958	12.08917	15.59172	12.59489	21.70787	19.91473	16.36601	14.93041	10.16681	12.02309	17.95774	19.76948	19.26352	17.00513	15.83152	11.10687	14.23273
alpha_rarefaction_406_5.txt	406	5	17.14419	20.12289	20.97156	20.32618	20.39769	20.98936	21.35133	18.11916	18.58478	20.73198	19.48927	18.78243	19.63617	21.74719	19.60843	19.88041	21.59999	14.01779	19.58054	17.42422	20.18347	21.06436	18.72914	20.588	14.84141	20.12438	13.82502	18.27436	17.54651	16.72857	15.95709	21.45917	10.86213	16.50257	9.42415	14.52357	13.85679	10.77948	17.79521	25.21935	10.45595	14.07681	8.87761	12.74651	9.33683	15.0119	9.67012	9.64846	11.06008	16.43313	12.27521	22.12686	21.1094	15.06779	14.501	11.46952	13.85286	17.35223	20.13427	16.56113	17.66641	15.68406	11.51885	13.89666
alpha_rarefaction_406_6.txt	406	6	19.71394	19.23329	22.30529	19.70777	20.08702	20.56228	19.99067	17.27105	19.90532	22.17733	20.12015	19.83542	16.79081	20.02377	20.51361	18.56971	22.28985	15.50388	20.77339	16.67656	20.1246	21.5191	17.03833	19.06214	14.05638	20.23268	13.57958	19.2925	18.56283	17.59325	15.54905	23.31389	12.93404	16.87067	9.99953	12.31536	15.08644	8.74971	19.34999	17.21259	11.66886	14.09663	8.55568	10.28071	10.33182	14.68381	9.65273	8.92281	10.7988	14.90713	11.24513	22.63345	17.73271	15.61872	15.9709	12.26594	14.40048	16.79544	21.20487	16.38646	17.63314	17.5153	11.0383	15.98805
alpha_rarefaction_406_7.txt	406	7	16.58882	19.23807	21.64849	20.15523	19.70252	18.97594	21.93061	18.00315	19.6448	21.94961	18.96607	18.47652	17.20149	19.33363	18.90588	20.68758	22.56413	16.3225	20.44064	16.68203	19.22786	20.73667	18.24395	21.57466	15.69505	20.1033	14.67347	17.67381	17.95553	18.00206	16.78025	22.77694	12.55344	17.24421	9.07227	14.92678	13.76973	9.70153	19.09141	14.9557	11.64802	14.44071	8.18672	10.75928	8.66625	14.98502	8.58501	9.8063	10.4374	14.2467	13.31156	22.87787	20.52438	16.03416	14.38971	11.30437	13.16424	16.80667	19.7078	17.00636	16.46185	16.98791	10.59984	14.23673
alpha_rarefaction_406_8.txt	406	8	17.79753	20.434	21.49151	18.38374	19.55581	20.63813	21.42518	18.26079	18.14469	20.05348	21.15402	19.53312	15.82419	21.14755	20.9861	21.46776	22.26884	15.16982	18.93596	15.41963	23.03353	21.40075	19.90992	19.60187	15.4891	21.97198	14.11523	18.76238	17.03285	15.6835	14.5444	22.22924	12.42076	17.876	10.23122	23.06373	14.74214	9.26561	18.71884	16.96207	11.86013	13.75571	8.05425	9.91172	9.70966	15.85735	9.29237	10.0442	11.88589	17.30493	20.37032	22.13851	21.54756	15.31218	15.15618	10.80766	13.70766	18.33605	19.81384	15.94977	18.41332	14.54031	9.73745	15.96905
alpha_rarefaction_406_9.txt	406	9	17.83123	19.03524	22.9723	20.62535	19.76266	18.63632	19.70782	17.81368	18.2455	20.89134	21.04647	20.06672	17.20799	19.34562	18.72393	20.81934	22.85913	14.78166	19.79705	15.85889	20.93244	19.79381	18.27943	22.42766	25.0671	19.6915	12.81342	17.92274	18.29115	14.76859	15.71746	22.20083	12.40601	16.01283	10.41862	20.66771	13.62657	9.63999	20.7108	18.55701	10.37026	12.31806	8.48021	10.7243	10.08747	16.43624	10.07724	8.66871	12.37823	16.1361	22.63516	21.00649	21.54629	14.26682	16.4711	11.76161	13.06645	16.94913	20.72508	18.06638	16.8189	16.38088	11.0802	14.52171
alpha_rarefaction_505_0.txt	505	0	20.96371	21.20711	23.45979	22.0337	21.48621	20.15471	23.00907	18.03281	19.86169	25.13368	20.46328	22.11342	19.27719	21.45479	21.63252	20.6159	23.04622	16.70438	22.24947	16.4346	20.24664	21.95228	18.76689	22.264	17.03054	23.29186	13.60815	20.67036	19.49661	16.13678	15.96274	24.14645	15.61167	19.41912	9.72735	15.12439	15.43061	10.0908	20.36631	17.20768	12.84024	15.78954	8.00271	11.26042	10.03579	15.30223	9.71559	10.96825	12.4834	18.39947	11.69965	24.76124	22.72981	16.00227	17.99526	12.10713	14.25853	19.74921	20.23939	18.83453	19.22476	16.81317	11.73112	15.11357
alpha_rarefaction_505_1.txt	505	1	17.50064	21.88059	23.86494	21.07729	22.96778	20.26591	24.72914	20.02484	19.60821	23.32928	23.05957	20.28134	19.72695	23.05049	23.72045	23.6299	22.56779	16.23698	22.80626	18.54913	20.23313	23.46411	20.08279	23.62451	15.36046	19.43536	15.2092	21.01609	19.02364	18.84983	17.53764	24.05847	12.05106	17.26831	10.26897	15.91149	12.71831	10.6029	20.78217	18.66818	12.32787	13.83274	8.78669	11.97004	10.51694	25.49556	11.68363	9.7028	12.46663	16.34284	13.49539	23.03591	21.38282	25.46216	18.17065	11.57933	14.2478	18.78108	21.03823	18.42978	18.57708	17.67645	11.69294	15.83309
alpha_rarefaction_505_2.txt	505	2	20.23268	20.56886	22.90868	19.36211	22.34948	22.57953	23.46717	18.82486	20.86183	21.64681	20.67871	20.92703	18.05828	20.1766	20.86196	22.70179	23.28287	16.75863	23.24201	18.24088	22.61577	23.03602	21.39765	23.28535	16.69467	22.43233	14.73852	17.93341	20.03687	19.2835	16.52395	23.42055	14.40944	16.87966	9.09137	15.77172	15.29579	10.73225	21.82595	19.50881	12.66257	13.53435	9.28922	11.71713	8.98581	14.52633	9.3625	10.53949	14.74196	16.31637	15.18399	23.9063	23.03508	16.29199	17.62648	13.49526	15.63674	19.09322	21.88171	18.30433	18.53009	19.0941	11.98445	15.20962
alpha_rarefaction_505_3.txt	505	3	21.44062	22.50792	23.83551	22.17466	20.54387	20.89607	22.89778	19.16723	20.92871	26.22345	22.36301	22.35433	18.4015	22.82094	23.0718	20.4642	23.51521	17.09408	23.25993	19.19229	21.89359	23.27542	19.66709	22.30274	24.30526	21.66675	15.15443	18.41872	19.73235	17.63586	16.96521	24.17906	13.89609	17.16765	9.11483	14.64179	15.46096	9.95627	21.07572	26.89439	13.4205	13.98138	9.40342	12.19467	9.92458	15.50764	9.11045	9.48885	13.43756	18.19962	13.06893	24.56034	21.12735	16.37626	17.38131	11.13484	15.34779	18.98625	21.84861	18.03516	17.81707	16.49462	13.06966	16.56296
alpha_rarefaction_505_4.txt	505	4	20.74907	21.66953	23.18959	20.1385	20.76511	20.04651	22.63164	20.42495	24.86652	23.46508	22.71065	21.43872	17.83881	22.18372	20.57397	20.29037	23.43792	17.80423	21.1971	17.59452	20.69545	24.48046	19.96208	21.13896	15.63966	22.90251	14.89583	21.70712	19.34453	19.19464	16.60405	22.61204	12.57123	16.30041	9.83585	24.33617	15.89363	9.79258	21.04391	18.92154	12.42093	15.95235	9.18486	12.20618	9.03992	16.97428	10.9335	9.79126	12.51663	16.21089	14.32336	24.37501	21.9611	16.75878	17.8755	10.43956	13.60603	18.4668	20.54416	19.34795	17.77802	19.0464	12.29963	14.98159
alpha_rarefaction_505_5.txt	505	5	18.58056	21.2688	24.18302	23.66577	21.46501	21.66807	23.79351	18.38544	20.37386	23.69596	21.23088	22.10781	20.80428	22.95169	21.05448	22.32422	23.2001	17.59853	23.72585	18.89	21.82772	23.64455	19.03808	23.38258	23.92779	22.00842	14.62839	20.61509	20.62122	19.09505	16.0781	23.26688	13.90779	19.3033	9.10403	15.1629	15.45994	10.83283	20.78898	18.35504	11.62536	14.19196	8.45102	12.74673	9.73942	15.96825	10.26774	11.10678	12.70078	16.90823	13.51851	24.28458	21.6517	16.43243	18.2052	12.72552	12.14236	19.01659	21.83932	19.61949	18.65799	17.0203	12.90494	15.29762
alpha_rarefaction_505_6.txt	505	6	21.71093	20.23763	21.78136	18.95986	21.99657	20.84983	26.40534	21.11682	20.44079	22.56543	21.78684	21.03862	18.83987	20.94495	22.99039	22.37766	22.7836	17.18272	22.44023	18.39322	20.56233	23.88706	20.31188	23.02653	17.22125	23.16136	14.70147	21.67356	18.40341	18.30827	24.3585	22.84043	13.47088	19.15277	10.60134	15.3925	15.82246	9.94825	22.28065	19.45131	11.89761	14.49559	9.28496	12.54248	8.93509	15.76042	10.39592	10.33296	12.81745	24.93581	13.46264	24.64884	21.68991	16.97061	17.14469	11.48606	14.47521	18.14546	20.51575	19.2972	17.04648	17.41085	11.58057	16.33497
alpha_rarefaction_505_7.txt	505	7	18.03012	21.91775	24.01091	19.1515	21.90003	21.66453	23.96802	18.40609	20.78411	23.39186	21.00029	21.37408	18.28261	22.17192	20.17209	21.22832	25.78219	15.85191	23.71989	19.35948	23.56568	23.46515	28.00169	22.01711	17.72378	20.78543	15.6129	21.51861	21.71525	17.20364	17.22805	23.23811	12.58877	18.01163	11.43385	16.03571	15.39642	9.95641	18.495	19.14394	11.47836	13.93199	9.06539	12.60047	9.57973	15.33117	9.50424	10.05735	12.45906	17.96485	11.88684	25.62644	22.00294	16.00522	18.34026	9.59381	13.0785	19.24833	21.13439	21.06133	19.22562	18.17036	12.80705	15.43966
alpha_rarefaction_505_8.txt	505	8	19.34569	23.0885	25.39852	19.93034	21.00608	22.9901	25.46934	20.34285	19.80863	21.7379	22.13375	23.23284	19.42334	23.25222	22.4281	22.68196	23.6217	17.27317	21.68515	17.71224	22.79872	21.81656	20.52217	21.36226	16.4736	24.09676	14.48398	21.16639	18.59389	17.47702	16.19489	22.92741	14.47634	18.91156	10.27576	14.39968	15.05876	10.81976	20.74671	27.77539	13.33414	12.98179	8.30749	11.63935	8.57398	16.10367	10.24415	9.63519	13.1751	25.37193	14.66062	23.91485	20.88492	17.53542	19.07866	11.62222	15.51666	18.19178	20.17566	19.46615	17.53239	17.39377	12.98658	16.32233
alpha_rarefaction_505_9.txt	505	9	18.50899	22.61668	23.71308	21.65289	20.24967	23.19834	22.41237	18.38821	20.93842	24.02714	20.09577	21.42123	19.73859	21.53828	21.67097	21.77673	21.81969	17.44535	24.0127	16.69791	22.14638	23.1702	20.53381	21.89259	18.00301	23.2961	16.09708	19.92621	19.55738	18.81192	19.64774	24.01466	14.08811	17.86807	9.99919	26.88361	15.63439	11.37432	20.4188	18.12235	11.42642	14.97744	8.94313	11.81709	10.64828	17.44707	9.58243	10.40744	12.40119	15.20623	11.61929	22.70414	21.71715	17.52037	16.96272	12.72993	13.7851	18.52877	20.53837	20.26185	17.76874	18.64222	13.11749	15.73432
alpha_rarefaction_604_0.txt	604	0	20.57055	22.16884	25.57544	22.70114	22.60101	24.20572	23.03383	21.12322	21.35139	23.86222	21.5982	24.06479	19.12242	24.59685	22.4784	24.68414	26.83983	19.83411	22.62945	19.75841	24.26854	25.2846	22.56501	24.27913	26.4938	24.39109	18.13242	22.35575	22.95769	18.65377	19.02606	23.83625	15.59141	20.64712	10.81017	17.67274	15.69525	11.67486	21.11261	19.89471	12.10717	15.59526	8.56111	13.18402	10.97596	16.63908	10.87317	10.02478	14.76998	17.71985	14.84424	25.64487	23.37839	26.73877	20.8033	12.21533	15.41509	19.35346	21.59461	19.85989	21.04647	18.07307	13.7511	25.45287
alpha_rarefaction_604_1.txt	604	1	20.07201	23.98289	27.98864	22.31328	22.6541	22.40577	25.47983	19.25074	21.8202	25.78766	22.25749	21.94137	19.1864	23.86743	23.45284	24.6997	26.83818	18.79622	23.20386	19.82255	23.6118	23.59503	22.07559	22.8183	17.47215	24.26048	17.49328	23.14306	19.86538	20.5818	18.00167	26.83442	15.60182	17.88735	10.17303	14.97582	15.01375	9.94749	21.64996	19.71583	13.96018	14.92594	9.61166	12.60687	10.91023	17.80583	10.62801	10.94275	13.79033	19.43273	15.00414	25.70099	24.42199	25.97678	20.92706	12.92678	15.81694	20.75183	23.60932	19.8529	19.99439	19.20141	13.18804	15.84062
alpha_rarefaction_604_2.txt	604	2	22.43742	23.93216	26.17636	23.19265	23.262	23.66972	24.63344	19.97242	23.27799	25.56269	23.86775	23.44976	22.37716	25.73216	22.69046	22.82765	26.27197	16.91166	25.46113	19.00788	23.15103	22.75939	21.41475	24.67541	17.58194	22.59156	17.13411	21.78574	22.03387	19.87693	18.0948	26.64443	14.94017	19.24394	10.31242	16.38309	15.58273	11.41977	20.95505	20.26364	12.71227	14.75074	9.49697	11.20802	10.02125	17.61448	10.54805	10.80615	13.59317	27.2295	15.96744	25.85501	21.89769	17.34085	17.44907	11.4053	14.27393	20.6534	24.63426	20.01699	20.7957	19.56622	12.66732	17.44039
alpha_rarefaction_604_3.txt	604	3	19.71542	23.77104	25.43663	21.56563	24.21826	24.60148	23.50933	20.56746	22.89605	26.97579	21.50326	21.60818	19.59894	23.04292	23.93889	23.68983	25.39338	16.60406	25.78086	19.11601	25.12345	22.72753	21.57665	24.61508	19.28072	26.01946	15.39629	20.27599	20.99842	20.21102	18.16814	25.60323	13.26479	21.26924	18.86353	17.23696	18.12227	10.7362	22.49385	19.30608	13.21395	17.5768	9.66744	13.79677	10.44237	17.6873	8.62955	10.89262	12.9004	16.53568	13.93121	23.62369	25.16117	17.58991	19.80924	13.46623	15.47297	21.08349	23.07141	19.31956	19.20133	18.47186	12.39039	16.15873
alpha_rarefaction_604_4.txt	604	4	21.35862	23.16217	26.66383	23.71568	23.72867	22.22271	25.91308	19.83286	21.74099	23.77387	23.86673	23.03382	20.38373	24.48435	23.35582	22.45534	27.01886	18.53239	24.38582	20.32212	25.37506	25.02188	22.89455	23.83153	18.3968	25.07934	17.42046	21.76615	20.51559	19.50168	19.37066	24.42797	13.95636	18.52689	10.05835	17.84848	16.66881	10.15303	22.9678	19.1155	12.96367	15.97739	8.87001	13.02772	9.90717	27.54517	10.9044	9.93393	13.46754	18.64583	15.73341	25.25777	23.30395	19.02236	18.4793	13.41776	16.25621	20.06073	23.18189	22.33653	20.13628	19.08866	12.59895	15.79997
alpha_rarefaction_604_5.txt	604	5	20.51279	22.972	24.91544	22.18354	21.28909	24.15833	24.32759	21.66108	22.12081	25.92912	22.73587	22.89147	19.86366	23.77865	22.94613	23.25091	26.14854	16.75678	24.83033	18.61594	23.64886	24.81444	23.05615	23.75987	16.2733	23.62525	14.87496	20.77325	22.32843	19.50865	17.96095	24.47107	13.16746	18.2186	11.5612	16.9576	15.42826	11.22937	21.64119	20.36512	13.72661	15.47128	8.52997	11.39869	8.78205	18.00593	10.87525	10.79432	11.07243	18.25018	14.72364	23.58184	26.21455	17.46646	18.86355	12.87839	14.15542	20.54022	23.1085	20.96917	20.3332	21.40742	14.3629	18.52369
alpha_rarefaction_604_6.txt	604	6	20.67882	22.91527	25.15498	23.09097	22.63118	23.86501	25.80196	21.70041	22.15134	23.80627	22.55234	21.29233	19.47442	24.3927	22.57475	22.72753	26.59386	17.73216	24.10432	19.10725	23.59518	23.29312	20.91595	23.76297	18.28643	24.78437	17.13692	21.10387	21.09936	21.08502	18.19711	24.97989	15.13502	20.35796	11.30473	17.63837	14.68868	11.23257	21.69446	19.73028	13.24518	14.09943	9.394	11.83002	10.77888	26.99871	11.58814	9.67364	14.53054	18.4318	14.10474	26.93339	25.5024	17.61815	19.01553	12.06345	14.79898	20.29443	22.48566	20.93114	19.61592	18.53103	13.72654	16.61977
alpha_rarefaction_604_7.txt	604	7	20.18455	24.64446	27.59734	23.39856	21.67106	22.74117	24.9114	20.56509	22.04753	25.02146	23.47547	23.61504	22.12548	23.09503	24.02995	23.34077	26.22833	17.36765	23.16301	18.93503	23.77521	24.99613	20.89861	24.68716	18.56814	25.39583	16.56103	22.17254	21.341	20.28517	17.81487	24.02699	12.80979	18.70905	10.56141	16.99508	15.46257	10.8766	22.67586	19.87331	11.62336	16.96836	8.35459	11.80039	10.17096	17.58092	10.53213	9.02642	13.59186	18.68802	15.04486	26.61942	23.23302	16.84919	19.55082	13.20653	14.92682	20.2786	21.76545	20.41611	18.97698	21.58426	13.12664	14.82686
alpha_rarefaction_604_8.txt	604	8	19.80629	24.16128	24.61242	21.98778	22.64567	21.27794	23.47754	19.20279	22.93134	24.51013	22.05492	22.44442	21.793	24.58838	23.46842	24.09394	25.62896	19.02589	24.58085	18.9903	20.52881	24.83488	21.03192	23.49914	18.46029	23.75499	15.03385	21.46026	21.10773	19.21093	16.85056	25.61264	13.76764	21.22658	11.84339	18.69553	15.32482	11.03574	22.21754	21.52312	12.96618	15.36241	8.28483	12.2834	9.60195	17.42126	10.53369	10.05743	13.16518	26.23739	13.71918	24.47849	23.40207	17.48995	18.4639	12.60717	14.28435	18.89187	23.55853	20.09164	19.91149	19.78459	12.75634	17.30279
alpha_rarefaction_604_9.txt	604	9	20.09452	22.36638	25.57578	21.25243	23.67501	23.83127	23.71182	20.12062	23.09021	25.23131	21.56388	23.59761	20.97437	24.07677	23.70837	23.50721	26.81348	18.87716	23.08656	19.27207	23.50948	25.20662	20.40482	23.13541	18.89463	23.87669	18.60778	23.80632	19.75297	17.47908	18.57732	26.1936	15.64951	19.68524	10.57315	16.54194	15.00024	11.7827	20.94771	18.8131	13.28754	15.9799	8.91953	12.6103	10.73413	18.02156	10.48643	9.23255	14.19267	18.8931	14.37651	24.78585	25.23761	18.21361	18.78565	11.95407	14.48595	21.75145	22.20514	19.66887	19.92505	19.33915	12.81511	19.2306
alpha_rarefaction_703_0.txt	703	0	20.21847	24.21894	27.76018	24.398	26.03125	24.125	23.64029	21.26035	21.7729	26.42982	25.38149	22.99869	21.07513	26.04051	26.05036	22.85958	26.32545	19.51228	24.78685	20.51347	24.37646	25.9889	23.39041	24.89372	19.5468	25.27672	16.88372	23.08194	22.89417	20.57743	19.72603	25.44455	14.37764	19.52807	11.80706	27.05298	17.2798	10.50593	22.07567	21.63607	15.44224	16.44047	9.80226	12.32969	8.81464	19.34081	11.16362	10.94539	15.73084	20.68123	22.66658	26.23045	24.86698	19.89841	21.93979	14.63389	23.5906	21.43037	24.49963	22.32815	20.70698	19.84341	14.74407	18.27706
alpha_rarefaction_703_1.txt	703	1	21.24989	25.94801	26.53542	23.31871	24.61758	25.38125	27.48933	22.58729	24.36163	28.01897	26.16071	24.11089	20.70635	24.75973	22.76959	23.08724	27.88984	19.45111	24.72992	20.29541	26.93591	25.34753	23.9738	25.36839	19.07084	25.85471	15.92137	24.06635	21.33108	20.80309	19.4701	27.89698	15.00092	21.25267	10.93889	18.75842	16.81739	10.44949	24.04828	29.06241	13.14937	16.3959	9.44776	12.45884	9.62001	20.45267	11.14885	10.26466	15.32896	20.15797	15.49639	26.40906	25.59778	19.85056	21.52853	13.12249	19.48652	21.71565	24.43334	21.62108	19.17601	21.23662	12.91914	18.30656
alpha_rarefaction_703_2.txt	703	2	23.02667	24.17966	27.28225	24.14875	24.14041	21.7863	26.94403	21.76108	23.46487	25.99074	25.19081	23.81307	22.43132	23.84618	25.34395	24.93387	27.21239	17.66733	25.6663	20.24433	24.51102	24.72987	23.01137	25.56727	18.1252	25.28274	15.67589	22.89368	24.00623	22.50573	18.61049	26.89624	14.61783	19.21921	9.83191	27.50844	16.54219	10.69851	23.91792	21.65164	14.45948	16.15293	8.61503	12.97633	10.7956	17.94206	10.35419	11.93093	14.1202	18.22609	24.2358	25.61712	24.65009	20.35359	21.80883	13.91432	15.62027	22.3034	24.10986	21.98998	19.98504	21.56245	13.82782	18.74095
alpha_rarefaction_703_3.txt	703	3	19.8001	25.04104	27.67331	24.535	25.74697	24.7273	24.5851	22.75445	24.19383	27.47271	23.34941	25.41007	20.79057	25.21053	24.20232	23.36183	27.6509	18.15284	26.90763	20.92241	24.85932	26.05981	23.18905	24.30941	18.78704	27.28642	17.2124	23.45765	22.01036	21.02655	19.9605	26.21257	16.29967	20.03601	11.90708	18.988	16.88252	11.0868	22.92555	19.79394	14.87991	15.38077	9.11708	13.36324	10.31406	17.55815	11.67444	11.97118	15.06404	18.60324	25.12956	26.6878	25.56768	19.23583	19.35571	15.51432	16.51331	21.21714	24.40024	21.59394	20.52531	19.81783	12.2024	27.71303
alpha_rarefaction_703_4.txt	703	4	22.69421	23.10274	26.52356	23.15219	23.75024	22.45421	26.6929	21.87717	23.25601	25.59772	24.69429	23.51325	20.84361	26.24436	24.40085	25.3357	26.32662	17.82411	23.74168	20.17066	23.52396	24.74697	22.11896	23.84628	17.2915	25.39953	18.22056	21.49072	21.86221	20.47504	18.97151	27.23793	14.77666	19.53411	20.17269	18.80081	16.57495	11.24816	21.79053	21.56695	12.6499	15.07696	9.12951	12.70067	12.09366	19.07027	10.34612	10.25334	14.29301	17.86287	16.14689	25.37227	25.71048	27.16847	22.75034	12.65361	16.33187	21.6514	24.44117	21.471	21.39757	18.96041	14.82145	18.53184
alpha_rarefaction_703_5.txt	703	5	22.00223	25.61298	26.55735	22.27365	24.13612	24.11219	25.6728	22.10583	23.42801	27.20696	22.82126	23.46416	20.0365	25.20973	26.12083	25.11655	27.55385	17.58401	25.38837	20.65039	24.10854	24.8407	31.5622	25.61946	27.27493	23.55482	19.98727	23.40142	21.12984	19.88048	19.53087	26.60676	15.4611	18.77973	10.33158	25.67996	17.9195	11.67555	23.64015	19.06989	13.76675	17.44577	9.502	12.49661	10.89321	16.64158	12.05288	11.99707	15.66283	19.11328	24.81827	25.79003	23.93922	18.63395	20.23056	13.80939	16.78077	22.70454	23.27551	22.79234	20.25964	20.38339	14.61448	27.69356
alpha_rarefaction_703_6.txt	703	6	20.93857	24.52023	26.70845	25.5716	25.78183	24.59599	27.44316	23.8669	25.26173	27.1592	23.86286	23.83274	21.06029	25.56499	24.8191	25.77971	26.90996	17.56707	27.30592	20.2465	24.07229	26.82996	23.53159	24.32806	18.09142	26.59929	17.7522	23.11644	23.37684	19.63847	18.53112	28.2	15.8599	19.42804	11.08115	18.27486	17.0828	11.23016	21.64868	20.3183	15.65913	15.95492	8.8074	12.55273	10.46573	26.02344	10.14324	10.66287	15.04009	19.33601	23.41464	27.83677	25.00763	20.10402	20.56698	14.55787	17.50597	23.06559	23.72125	22.66818	20.51798	21.5117	14.03828	19.36934
alpha_rarefaction_703_7.txt	703	7	21.99749	24.83438	27.6115	23.14361	26.41784	22.71619	25.89262	24.15504	21.72061	26.7551	25.27108	24.89093	20.40188	23.64911	24.12617	24.66942	28.33636	19.55148	24.5881	22.05624	23.60067	26.57299	21.97103	24.80933	18.66512	26.03523	16.30632	23.32207	21.34185	21.81656	18.55323	28.39781	14.50238	21.91129	11.76286	26.80856	17.80951	11.37374	21.62559	26.44269	11.42826	16.59756	8.52062	12.78388	9.89994	19.48502	10.76575	10.74498	14.39145	20.44634	14.45985	26.97868	25.54476	18.09245	19.60771	15.23192	15.9212	20.99542	23.24669	21.06114	20.62355	20.35131	14.5637	17.5491
alpha_rarefaction_703_8.txt	703	8	22.44594	25.09263	27.48804	24.46022	24.48008	26.05318	26.31231	23.15695	24.10854	26.4405	25.89782	25.74273	22.06768	26.13046	25.28032	23.55338	27.04942	20.1666	27.82657	22.7216	25.75842	24.10333	22.45889	24.78222	18.56551	23.92215	17.37104	22.77078	22.44506	19.58362	17.34785	26.62091	16.32555	21.93264	11.95918	27.28558	15.33422	12.02768	23.96089	20.87127	13.39143	15.08751	9.53201	14.01289	9.70766	18.88917	10.40067	11.34259	15.73638	17.71721	22.78534	26.5948	25.17086	25.21957	21.14073	14.37132	14.79706	20.82313	23.70801	21.24317	21.74599	20.37851	14.70239	18.5988
alpha_rarefaction_703_9.txt	703	9	22.74369	26.59432	27.84727	25.06791	24.88372	25.85223	25.19596	22.25506	23.57197	28.24459	23.81895	24.18364	22.31986	25.60908	25.4856	22.22667	26.68093	18.7375	26.15557	20.53113	25.41892	25.25475	24.7656	23.93915	25.93275	25.01454	18.52898	22.92154	22.87179	20.87673	20.6867	27.84168	16.47238	19.88738	13.15902	27.35102	16.84414	10.01178	22.68331	20.77635	13.76705	16.89669	9.25112	13.33787	11.21313	17.73622	10.69094	12.06817	14.37394	20.55591	15.73198	26.9762	26.11131	19.2887	19.13887	14.13477	15.52072	22.08547	23.60302	22.29073	21.06922	19.34304	13.88337	19.1268
alpha_rarefaction_802_0.txt	802	0	21.67826	24.07415	28.28511	24.23505	26.41987	24.28178	26.13144	24.58885	27.01213	27.48243	24.87926	24.60296	23.1687	26.47699	25.02239	25.20462	28.50275	19.70087	25.14708	20.41921	26.0387	27.63148	24.15926	24.18658	21.42687	27.5042	17.74074	23.2007	25.08065	23.46451	19.98841	27.29188	15.70979	22.55098	12.77866	28.24673	18.51673	19.09383	24.97436	23.54084	16.15243	14.53007	9.37894	13.67371	11.45195	20.6461	11.79459	11.41869	15.92497	28.26571	16.07729	28.7103	27.24597	19.54263	19.99617	13.07402	17.08099	22.26273	26.09288	24.00202	22.40879	21.78114	14.06757	18.30173
alpha_rarefaction_802_1.txt	802	1	23.33253	26.05839	28.38777	26.77367	27.19568	25.10619	28.93113	24.56569	24.65691	27.08635	25.3931	25.45346	22.78149	30.03294	26.35617	25.92873	29.50806	20.79157	26.61819	23.40645	26.06841	25.75922	25.24693	25.21494	19.86768	26.65497	18.02154	23.26216	22.91783	21.99297	18.67542	28.32651	16.10069	21.07562	10.86314	18.98281	16.77268	10.43743	23.61576	22.5973	15.29695	17.57569	9.32926	15.0367	10.27461	19.17563	10.59908	12.17227	15.59581	20.22315	24.0089	25.32136	28.79036	29.25501	22.23129	13.67719	16.33984	22.31386	26.22493	22.84697	21.33841	20.68695	24.10105	27.52879
alpha_rarefaction_802_2.txt	802	2	24.23627	25.15372	27.41805	26.68487	26.93507	25.08425	26.049	21.65115	25.73994	27.19663	25.20001	25.05763	22.96674	26.76255	25.21245	26.07092	27.6703	18.123	25.35167	19.23732	25.8523	25.69471	25.26454	26.82579	28.11291	26.78603	18.54104	24.32742	23.41313	21.21102	20.18534	28.21	16.21239	21.66799	11.81524	28.31999	18.75119	12.22092	23.96446	31.75904	14.18309	17.5848	9.8435	14.06677	11.5368	20.21862	11.92994	11.35815	14.6945	18.79735	23.85523	25.60244	26.52459	20.9196	20.24628	14.56118	15.63144	24.80775	26.16884	22.28484	19.27656	21.46653	15.5482	26.03692
alpha_rarefaction_802_3.txt	802	3	23.76589	27.39523	28.97028	24.58657	26.89857	23.88663	28.84528	24.23234	24.10977	27.48447	26.44291	25.30475	22.66928	28.58129	26.16213	25.54977	29.88066	19.85218	25.61651	21.88695	25.83317	26.27758	23.50559	25.05033	19.83118	25.87332	17.70666	23.64758	22.41728	20.75274	20.12705	28.04948	16.73569	22.36082	12.30746	27.64859	19.67455	12.15606	23.95879	29.91669	14.12084	15.6958	10.41262	13.82792	11.49361	19.75602	11.99406	11.31832	14.76263	19.86454	15.99743	27.03312	26.81601	20.08954	21.31536	14.70061	16.95109	23.57416	27.78885	21.9696	21.3385	22.72661	14.4938	20.92791
alpha_rarefaction_802_4.txt	802	4	23.38781	26.65331	28.72991	25.08444	28.20138	24.50707	26.67666	23.9481	24.07437	28.30355	28.09073	24.76053	22.54166	27.38598	26.16242	24.99605	28.68822	20.62495	26.47938	20.74193	26.9131	26.38379	24.33753	26.16254	19.5606	26.31767	18.59315	24.69498	24.26307	21.80487	21.74028	28.50825	16.51748	21.21623	12.61793	19.49776	18.42111	10.50224	23.26793	20.71855	14.1897	16.30594	10.63727	13.45165	11.20464	21.90726	10.49889	11.60818	13.81876	18.66388	16.2671	28.55161	26.37141	19.36364	21.0383	14.24695	16.72715	23.28222	26.58725	23.26244	21.87785	21.46419	15.42217	27.33685
alpha_rarefaction_802_5.txt	802	5	24.84041	26.59236	28.20945	24.9636	25.55675	25.08295	29.05092	21.38651	22.7161	29.49271	28.06133	25.35673	21.89391	25.99798	25.5014	26.62362	28.08865	18.18394	26.75895	21.63544	23.42035	26.08496	24.60065	26.85982	20.47623	28.65289	20.12103	23.62119	24.14348	23.23117	20.48354	27.03991	15.39057	20.50738	11.02972	27.50306	19.2552	11.35392	25.63829	22.30579	13.9397	17.47045	8.86215	14.00501	11.33403	29.07028	10.94631	11.00412	16.05697	19.1442	16.46447	27.56112	25.77562	19.8043	20.59869	15.69456	15.65911	21.6249	26.37334	23.05107	21.46225	21.69476	13.63156	20.20775
alpha_rarefaction_802_6.txt	802	6	21.5369	25.81569	27.27483	27.06616	24.60646	24.53106	27.94061	25.06653	25.43521	27.08251	27.37375	25.83965	22.6733	26.51693	25.11543	27.2201	29.1002	17.80725	25.55253	21.85288	27.43839	27.24891	25.17412	25.14235	28.60354	27.00474	17.98883	26.07627	22.43131	21.33252	19.91458	27.69765	14.88565	22.57342	10.83795	29.34571	18.71538	10.99731	24.91157	21.20337	13.89567	17.07976	9.73461	13.05226	10.76351	28.60592	10.40137	10.60805	15.96225	20.9164	16.19327	30.27965	25.93795	19.67831	22.5179	13.55029	15.5924	21.86914	25.23475	23.34573	20.90396	22.42596	15.09898	21.45213
alpha_rarefaction_802_7.txt	802	7	22.57898	24.64614	27.1689	25.49761	24.63962	26.76496	26.27898	23.61279	24.14538	28.02952	25.78053	25.36679	22.48406	25.38224	25.83887	26.73289	28.38385	19.41291	25.60914	21.30292	28.59889	26.05939	24.52717	25.69689	17.99775	27.08834	18.40977	24.28165	24.55814	20.47757	20.72013	28.19661	17.14841	20.20607	11.73682	20.14546	16.98742	12.46741	24.73564	23.67529	14.54937	18.03628	9.0556	13.40534	10.5831	18.97198	10.69264	12.60824	15.58247	27.6178	16.72807	27.61804	25.98254	18.92846	21.2907	13.08023	17.83272	22.93513	26.30814	23.15047	22.06118	21.64871	16.31841	19.78874
alpha_rarefaction_802_8.txt	802	8	21.6534	25.50625	28.84078	23.39353	24.82398	25.32243	26.07112	24.16843	23.58222	27.97561	25.65972	24.81568	23.49683	25.34274	26.09979	26.67843	28.81972	20.35855	27.84978	22.45285	28.23959	28.25611	33.08794	27.23894	20.35692	26.99988	17.72483	23.80913	22.51752	23.13746	18.42123	27.77855	15.63663	21.38876	14.30839	21.17732	17.70332	12.72158	24.16958	29.30074	15.10576	18.11343	17.84708	13.95381	10.39129	28.68111	11.29715	11.56703	15.69341	18.95175	24.3264	28.32769	27.80531	17.9142	21.08131	15.73161	18.67699	24.40974	25.95892	22.08395	21.24728	20.31124	14.22116	18.43985
alpha_rarefaction_802_9.txt	802	9	24.57914	24.6647	30.39975	26.50203	24.5209	22.75024	28.48093	21.79415	22.59434	27.88949	24.19437	25.21351	22.19883	27.80464	25.79521	26.36154	28.76002	19.65173	27.60286	21.98275	28.07031	27.45408	24.47618	25.57929	19.71821	27.123	19.88557	24.69417	23.48653	22.63176	19.92482	28.81479	16.84526	21.35188	11.21955	18.89216	17.46915	12.25102	24.9601	30.29999	16.12158	15.52399	9.27573	14.67104	10.45849	20.02391	10.3248	10.77327	13.93583	20.74368	15.23479	28.948	27.28606	19.60875	21.88952	16.16151	17.13051	24.0264	24.77026	20.33229	22.44137	19.94864	14.63428	20.0087
alpha_rarefaction_901_0.txt	901	0	24.19908	25.83707	28.28806	26.34988	27.65528	26.51021	28.93194	24.91315	26.55899	30.04046	27.16048	26.67824	24.60706	27.99408	29.27899	28.02901	29.56629	19.3318	28.13208	21.57663	27.28596	28.65381	26.47484	26.69978	22.7471	27.03273	19.77124	23.84908	23.58262	22.48888	20.87805	29.05267	15.21341	22.4066	11.34386	18.51818	17.58657	12.42713	33.09509	22.64554	14.79153	18.68752	10.05037	12.40056	12.19336	20.26306	11.84538	12.30914	16.6462	19.76187	17.79706	30.05391	26.37114	20.87076	22.16072	13.85971	17.06144	23.87099	24.56277	21.71312	22.37329	23.56394	15.18611	20.03232
alpha_rarefaction_901_1.txt	901	1	24.31168	24.79807	30.71702	26.76753	24.47816	26.1315	27.60089	24.02766	23.24388	29.79867	27.00177	26.35806	25.72881	25.53427	27.41013	28.77231	28.33631	19.86524	27.09838	22.1994	27.11198	29.21523	24.83318	27.42086	20.56972	28.67118	19.23653	25.15128	23.17167	23.20649	20.33295	29.15082	16.547	23.52891	11.91003	29.46748	19.87547	10.0476	25.14838	28.87705	13.41795	17.43781	9.72667	13.69574	11.50685	30.41416	11.24888	12.08523	15.53922	20.27797	15.72464	31.16866	25.60627	18.37911	22.59642	15.73987	16.02184	23.68268	29.81403	23.33814	22.87756	22.46427	14.8854	18.61568
alpha_rarefaction_901_2.txt	901	2	25.42962	26.22779	28.77437	26.10801	28.80088	26.08006	32.9941	23.53067	24.92179	28.20428	27.72294	27.51041	23.59541	26.90708	27.44843	26.46613	28.25244	19.82129	27.88529	21.72048	27.30923	28.2503	24.21098	28.10224	22.42829	27.33488	18.6928	26.02956	23.73612	21.46271	20.36804	30.25459	17.661	23.99217	12.46848	27.48294	19.53877	13.35477	26.38495	21.12351	16.443	17.00442	9.82697	14.35839	10.63976	29.38541	11.4564	10.76833	16.27512	22.24655	16.71945	29.00142	27.89133	21.22554	21.31312	13.49882	17.90074	25.09543	27.2209	24.47403	22.55274	21.73911	23.07812	20.33061
alpha_rarefaction_901_3.txt	901	3	26.65645	27.968	27.78773	26.60376	27.94994	26.64799	28.71204	25.66186	22.94206	30.20308	25.85718	26.75618	24.70882	27.05779	23.92991	27.27256	29.91748	22.91895	26.04962	21.74654	28.06829	27.20593	25.32536	26.05731	20.77201	27.90469	19.43262	25.61254	24.1551	22.30053	21.65479	30.03829	15.69786	21.89608	12.45848	29.72739	17.39124	12.28155	25.49092	21.89436	14.27932	18.75451	10.25024	14.08948	12.13027	28.54639	11.88892	11.7287	15.89508	21.68326	18.04233	28.88518	26.85208	21.23556	21.31227	16.22178	17.0026	23.03123	26.00828	24.49015	21.77727	21.88178	14.0449	18.23437
alpha_rarefaction_901_4.txt	901	4	24.4838	27.33992	29.8594	27.24059	29.05594	25.69138	28.36384	25.02205	25.39049	28.58507	25.28138	26.20493	23.0754	28.03285	29.67582	28.16448	29.38077	19.25934	27.90075	23.21976	26.55941	27.29587	25.60793	27.94729	20.69227	27.1032	19.52147	25.71127	23.62971	22.43545	19.27879	30.51225	15.90341	23.22091	12.27801	20.34539	19.0028	11.28836	26.41033	22.99189	12.72731	18.26954	10.04813	14.66339	13.99961	28.36172	13.27901	11.78642	16.34379	20.59054	17.27724	28.92473	27.30661	20.76155	24.06525	14.42305	16.33241	23.54291	24.80481	23.47772	23.05927	20.39137	15.98656	19.16916
alpha_rarefaction_901_5.txt	901	5	24.27171	27.32617	29.58548	26.52281	25.82265	26.24882	29.44002	23.81785	27.92695	28.80244	27.90085	26.90092	23.78651	26.92817	25.12292	26.24897	31.50896	21.63204	26.64445	22.50093	28.39738	28.74211	25.94358	27.51233	20.7164	28.53619	18.8202	25.34773	23.59003	22.10702	19.55509	28.19667	15.92668	21.63552	12.64975	20.10067	18.25377	13.35605	24.81529	22.41899	13.94725	19.15458	10.6651	14.1461	12.04626	20.35721	11.49177	12.45405	15.46778	19.74196	17.41196	29.14064	27.13102	22.58049	22.42391	13.69909	18.91544	24.78016	26.68749	22.67147	23.69651	23.56891	15.22173	20.16163
alpha_rarefaction_901_6.txt	901	6	26.40273	25.90138	28.72561	27.99046	27.55878	24.09851	26.8875	23.53972	25.9147	28.24168	25.90416	26.27843	23.28634	27.66861	28.18603	24.6605	30.35343	20.01003	27.26001	21.90653	26.77652	29.04525	25.59177	26.2653	20.46952	27.78714	20.19456	23.58892	24.28091	22.00969	20.02708	28.58062	16.10027	22.73565	13.96441	28.9276	17.05844	12.00778	25.15779	22.01127	14.9242	17.90027	9.69649	14.47232	10.85853	30.6859	11.31614	11.17967	16.40416	21.04482	17.19302	27.16696	27.87234	30.21913	20.62089	14.47501	16.19259	23.24403	25.75981	23.88175	22.545	22.70697	14.50912	18.51993
alpha_rarefaction_901_7.txt	901	7	24.09886	26.96153	29.00835	26.78884	26.01798	24.28405	28.72763	23.53451	25.78024	30.15583	28.35351	25.0648	24.33049	27.85498	26.78907	26.95113	29.90519	20.27574	29.21792	22.58041	27.38025	28.29482	26.32489	27.10074	19.41943	29.24153	18.98222	25.06336	24.26234	23.41609	18.52996	28.1617	15.66005	21.65741	21.18115	20.38246	18.77409	13.9426	24.79207	23.99583	15.90575	18.20325	10.77099	14.77549	11.3732	20.01731	11.97338	12.00179	15.49442	21.12355	18.09219	29.22068	27.23425	20.8871	23.94455	13.94596	17.60825	22.52723	27.62713	22.88418	22.64632	21.95989	14.62668	21.69605
alpha_rarefaction_901_8.txt	901	8	25.2081	26.99933	27.48409	25.58353	26.61105	24.94608	30.26318	26.40572	26.54881	30.17166	28.14781	25.69838	25.01062	27.06642	27.72488	26.24648	29.69952	20.36568	26.86159	22.7032	27.81165	27.37741	25.8754	28.15319	29.89741	28.74399	20.18447	24.54926	24.90259	22.24552	20.63536	27.8249	16.34419	22.16492	20.50227	18.95155	18.75453	13.17534	35.31425	22.75741	16.10233	16.81548	10.57695	12.99577	12.19526	29.26981	9.95854	12.05436	15.46264	19.55684	16.11108	31.16491	28.56305	20.90553	24.22055	15.28264	15.85268	24.59194	26.85811	24.26173	22.5379	22.57761	15.01944	18.49652
alpha_rarefaction_901_9.txt	901	9	25.98756	26.89441	29.18927	25.28403	24.01783	23.287	27.64782	25.09397	26.46899	29.6361	27.84421	26.50181	24.86036	28.30569	25.42386	27.50465	30.28991	19.71595	26.88175	22.0624	27.55224	29.0709	25.48474	26.37542	20.90024	27.00621	20.10143	25.24396	24.96251	23.83709	21.31401	28.6487	18.44779	23.07074	10.54636	18.57598	20.47209	11.99689	25.25474	23.12206	14.50592	17.616	9.2356	13.34837	11.62233	20.82877	11.8005	12.65607	15.57359	20.49154	16.95178	29.62062	28.7599	21.37832	20.61055	15.88351	16.22901	23.30146	26.31766	23.27306	22.60526	22.34506	16.29259	19.07538
alpha_rarefaction_1000_0.txt	1000	0	24.75479	27.47306	32.61722	26.50496	27.22201	26.13594	28.42829	24.78925	27.07104	29.65992	28.06701	27.01038	25.89038	27.93535	28.57271	27.09636	30.68272	22.13226	26.52448	22.85153	27.75672	28.10475	26.4284	29.90846	21.66641	28.93348	17.60096	26.26106	24.53628	23.85131	21.70466	29.77508	18.60344	24.14994	13.53093	21.30157	20.13399	13.15614	27.6078	23.31325	18.11699	18.93355	10.8371	14.45539	11.67171	22.32586	12.1489	12.22797	16.44673	30.54821	16.14553	31.48396	28.72838	21.4873	23.49175	15.19813	25.40069	23.0114	27.57367	24.74933	23.48103	23.48262	23.8621	21.84134
alpha_rarefaction_1000_1.txt	1000	1	23.95874	28.22561	29.36757	26.52491	26.09096	25.73635	29.25267	26.31791	25.1536	30.13511	28.68894	27.0736	22.97686	27.9327	27.37031	27.13884	30.29759	21.27012	27.94251	23.55151	28.28503	27.67476	27.38414	28.29797	21.78714	29.88714	19.53494	24.16852	24.77502	23.39973	20.13928	30.97762	16.81167	22.88831	11.83817	20.83116	20.03597	12.47381	26.09037	23.58173	15.12298	19.89629	9.24766	14.81723	13.92037	20.75137	12.1136	12.29499	15.91575	21.05401	17.18591	30.56657	28.36255	22.60312	25.94486	15.26491	17.46774	24.75893	28.51154	24.65015	23.76399	23.52722	15.60247	21.25326
alpha_rarefaction_1000_2.txt	1000	2	23.47821	26.84296	30.10472	26.14933	28.14398	27.30648	30.3152	25.07634	25.92941	31.72484	27.39183	27.61619	25.11793	30.53296	27.93924	29.75259	31.18587	21.77976	27.71498	23.68533	26.91866	30.33709	27.90839	28.12327	21.87364	29.9295	18.41243	26.02501	23.69768	24.36767	23.36355	30.35638	17.26183	25.35554	12.66676	28.6856	18.10449	11.35299	25.63869	24.86882	14.73538	17.29683	9.67849	15.05167	12.15045	23.88923	11.20458	10.74924	15.09139	19.87956	17.757	30.27517	28.64288	31.69327	22.72739	13.78094	17.30264	25.21838	28.90222	24.57768	24.26361	22.14391	15.31587	20.58376
alpha_rarefaction_1000_3.txt	1000	3	26.58836	28.98724	33.06286	25.40005	27.32791	27.14846	28.64816	24.06746	31.03482	32.3122	27.68767	27.53778	23.67383	29.30906	29.48579	28.9777	30.49007	23.16899	28.25002	24.54644	28.57709	29.54378	25.98178	29.13815	27.84339	27.31029	20.1598	26.36038	25.42526	23.01321	21.1388	28.90862	17.05708	23.86529	13.15266	21.00276	19.8795	13.12012	26.33849	22.33867	16.19106	20.44286	9.63344	13.11369	12.42101	21.93941	12.0732	13.49151	16.71782	20.86633	18.42594	33.67082	27.83395	22.52511	22.88155	14.6865	17.17284	23.46921	26.41303	25.52411	22.77304	22.18052	15.56237	19.87013
alpha_rarefaction_1000_4.txt	1000	4	25.97983	28.70621	29.89438	27.98116	27.56789	27.14843	29.81698	25.37319	25.36556	31.81096	28.15448	28.69628	25.52438	27.88789	28.97161	26.93386	32.42939	22.29833	29.3739	22.95014	29.74835	28.29218	36.95503	27.74713	21.55988	30.36455	19.40091	25.1444	24.97866	23.25991	22.44192	29.3131	15.83372	22.25654	21.35622	20.60317	18.52169	13.23854	27.00349	30.8757	16.71977	17.67698	9.40599	15.03542	12.14956	22.15381	11.98619	13.43	15.11757	20.70651	16.60466	30.04992	27.56849	21.85034	24.98844	15.22182	18.13565	23.25449	26.82927	24.1037	21.9586	23.54474	16.5255	20.01658
alpha_rarefaction_1000_5.txt	1000	5	24.42735	28.33264	31.61412	29.03612	29.64708	26.31791	28.69754	26.03771	26.34712	30.96638	27.42866	27.98919	24.30241	29.99029	27.89257	27.41275	32.14267	21.97304	29.78489	21.06127	28.14833	28.5368	26.28155	27.96411	21.61752	28.79229	19.43033	25.62735	24.44501	22.82512	22.04096	30.02534	16.91291	23.98758	13.15608	19.94938	19.20148	12.78556	26.15411	30.05554	15.95988	18.50981	10.79441	13.38959	11.27536	19.34833	11.09878	12.42417	17.65474	20.73347	17.02329	31.04306	29.52139	21.61418	22.1731	14.7473	17.38452	27.19985	28.01567	25.8146	25.13433	22.62087	14.14065	21.74191
alpha_rarefaction_1000_6.txt	1000	6	25.89661	28.05872	31.36698	24.88315	26.69868	26.30675	28.93889	24.2139	25.75286	28.72138	29.25494	26.92598	26.75198	28.04509	27.40147	26.68484	29.86541	21.79796	27.97326	22.90323	26.72435	29.21078	26.24122	26.46593	21.19414	30.32004	18.1751	24.70566	25.51816	23.18884	21.85326	28.65988	16.8816	21.97012	20.73301	28.72166	20.04937	13.12234	27.76027	30.09757	16.88327	17.13001	10.24913	14.41265	11.26704	29.91312	10.89948	12.2829	15.92836	21.45337	17.97818	28.20596	27.37881	21.10167	23.03702	15.38986	16.46007	24.80611	27.65685	24.64462	24.19514	22.66598	15.00932	27.72291
alpha_rarefaction_1000_7.txt	1000	7	27.30045	28.34439	29.69103	26.85934	27.83828	26.85074	31.35187	24.00741	25.5717	29.58415	29.54924	29.97639	24.24428	28.77716	27.04522	26.32078	30.29745	21.03555	28.54119	23.19812	28.73597	27.34635	25.52106	29.34334	21.78776	29.11428	19.24238	26.60495	26.37354	22.23322	22.67384	29.51907	17.16547	25.25026	12.93817	21.07882	19.69174	12.47085	36.22046	22.24195	16.29802	19.06574	9.48116	14.27158	10.43697	20.08501	12.08047	12.23686	16.37105	22.553	17.62072	31.30745	29.31414	22.39122	23.20662	13.63997	19.30106	24.63564	27.50369	24.09135	23.44705	23.05102	15.45501	21.66215
alpha_rarefaction_1000_8.txt	1000	8	24.88151	27.13271	29.98805	28.50354	29.94827	27.25268	28.73092	24.5304	26.5911	29.44133	27.56058	27.3971	24.44241	28.52497	27.55755	26.9307	32.21682	21.08328	27.89907	21.10235	29.53879	29.48734	24.68379	30.58882	21.72243	29.85239	20.01542	25.92599	25.24071	24.88697	21.37264	29.11979	17.28313	22.4495	13.12611	29.83019	19.63653	10.95488	25.88974	30.64986	16.07298	18.10813	9.23121	14.00965	11.36024	21.53254	10.28175	12.77578	15.0655	19.74397	16.82636	28.96588	28.39609	21.96385	23.74831	17.38241	18.06738	26.17705	28.8795	24.17403	22.86974	23.75493	15.3843	20.32908
alpha_rarefaction_1000_9.txt	1000	9	27.11214	29.79923	30.96225	25.91816	25.77339	26.89039	29.0684	25.50491	25.52183	30.6034	28.41855	24.10277	24.67214	27.90951	28.58124	27.36799	33.08809	21.87004	26.47743	23.64913	29.43151	29.57641	25.39035	28.22692	23.05924	27.6992	20.08284	25.45812	25.46582	24.01525	21.622	29.04417	18.02016	22.49349	12.77054	20.70075	19.52465	12.87286	25.44637	22.7828	15.93393	18.47038	10.87157	13.43882	12.12262	27.20977	11.48006	12.45467	17.35795	20.38248	16.7657	30.59964	28.7926	20.9954	26.30455	15.82633	17.77397	23.44216	29.90573	26.04069	21.7731	22.9365	14.75431	19.03744