Eigvals	61
2.53664763636	1.09259601956	0.856947196021	0.607801815176	0.47162464371	0.400792063681	0.350218977143	0.309820150575	0.291815452882	0.26085084821	0.247120281342	0.229501867333	0.184250085623	0.17303323569	0.158550175557	0.143495164624	0.131925119132	0.125711314337	0.113846766634	0.107979202312	0.0882793067524	0.0785312431342	0.0729965560913	0.0706275979902	0.0605568282531	0.0538238468443	0.0514333638663	0.0385724890177	0.0375543160862	0.0299500851921	0.0274639741942	0.0237533728667	0.0217756945669	0.0207010868537	0.0140099245503	0.0134926284086	0.00688755341468	0.00444644085636	0.00238735465232	0.0	0.0	0.0	0.0	0.0	0.0	0.0	0.0	0.0	0.0	0.0	0.0	0.0	0.0	0.0	0.0	0.0	0.0	0.0	0.0	0.0	0.0

Proportion explained	61
0.266685084739	0.114867771891	0.0900933311792	0.0638999584574	0.0495832595232	0.0421364260188	0.0368195315178	0.0325722863221	0.0306794005066	0.0274240022784	0.0259804681681	0.0241281934708	0.0193707430993	0.018191483303	0.0166688374048	0.0150860606687	0.0138696684043	0.0132163931781	0.0119690390466	0.0113521650803	0.00928105822207	0.0082562161688	0.00767433855132	0.00742528315124	0.00636651407263	0.00565865631114	0.00540733793865	0.00405523705966	0.00394819360174	0.00314873886814	0.00288736684601	0.00249726062264	0.00228934159699	0.00217636498764	0.00147290378937	0.00141851895349	0.000724108362434	0.000467467156086	0.000250989482587	0.0	0.0	0.0	0.0	0.0	0.0	0.0	0.0	0.0	0.0	0.0	0.0	0.0	0.0	0.0	0.0	0.0	0.0	0.0	0.0	0.0	0.0

Species	0	0

Site	61	61
SAMPLE_112509	0.182130717321	-0.0010265347006	0.153498290921	-0.0352410234702	0.0750265761223	-0.0417629340694	0.0129227649017	-0.0242224366194	0.00138720405658	-0.0158814447237	0.0212138822784	-0.0238157207544	0.0156446935625	-0.00782591355398	0.00803984424893	-0.00738917861113	-0.00890020938046	0.00967977094231	0.0031328511266	-0.00681124646172	-0.0204661786005	0.00777478886465	0.0189708807291	0.0262436241456	-0.0162545144175	-0.0100940385503	-0.0192830640839	0.00884696028164	0.0223506899722	-0.0125288105007	-0.0155643071593	-0.0189985976184	-0.0358712673715	-0.00127268571191	0.0176286445686	0.0280085325891	0.00657304490214	0.0254687771548	-0.0142399809581	-0.0	0.0	0.0	0.0	0.0	0.0	0.0	0.0	0.0	0.0	0.0	0.0	0.0	0.0	0.0	0.0	0.0	0.0	0.0	0.0	0.0	0.0
SAMPLE_112508	0.126557158459	-0.0486050648875	-0.0564055849935	-0.228479187998	-0.119406441659	-0.0198223506566	-0.0196656243456	-0.0257592866254	0.052301733243	-0.0258699090908	0.0287978254477	0.000679510346686	0.00689343399799	-0.0152762001366	0.0605422202726	0.0287721498724	-0.0165634171597	0.0164929195423	-2.0837799646e-05	-0.0215695425715	-0.0327298845654	0.00309894525341	0.00879055585024	-0.00645319460264	-0.0210880834055	-0.00630801542489	-0.0126085134358	-0.0200958215648	-0.0154955250851	0.0261323425147	0.0260218573489	-0.00851667224443	-0.0274868128931	-0.0389848349283	-0.0386520983219	-0.00295930431335	-0.00707676899194	0.0197217733628	0.00375617565015	-0.0	0.0	0.0	0.0	0.0	0.0	0.0	0.0	0.0	0.0	0.0	0.0	0.0	0.0	0.0	0.0	0.0	0.0	0.0	0.0	0.0	0.0
SAMPLE_112525	0.175272032495	0.168608884677	0.102908165912	0.111495768306	-0.0400012712372	-0.0838498436733	0.0372714792085	0.115148450433	0.00152268808608	0.0586735301016	-0.08758032617	0.0150786309489	-0.0349055711585	0.0505254659704	0.0169695112427	-0.00766871984885	0.0066588155434	-0.0200248070164	0.00844584667393	-0.0678348847234	0.0115020088096	-0.0104901384258	0.0530215907848	-0.0107116970698	-0.0177931237021	0.0276620787999	-0.0464131120753	-0.000465288861259	-0.013842849735	-0.026011318642	0.0177133325547	-0.0081275808809	0.00995702035318	-0.0196258685192	0.0182908252647	0.0240088892594	-0.016419730559	0.00561158758229	0.0050031222277	-0.0	0.0	0.0	0.0	0.0	0.0	0.0	0.0	0.0	0.0	0.0	0.0	0.0	0.0	0.0	0.0	0.0	0.0	0.0	0.0	0.0	0.0
SAMPLE_112524	0.242321522951	0.100018809451	0.0826882569451	0.0864269289098	0.0608502652792	0.00687671981988	-0.0144815274885	-0.0419959249439	0.0206251632472	0.0169662263043	0.0193909871644	0.0155804088876	-0.0387814782997	0.0125547192765	-0.00551618146632	0.0359502405043	0.00250938125905	-0.0040579951571	0.0169719720539	-0.0310096685549	0.0119870714361	0.00603899287036	0.0249150590584	0.0416827718108	-0.0219563939509	-0.00360598406055	-0.029163045421	0.0145308764703	-0.0144384131304	0.0163714088506	0.0276822301166	0.00916162683642	0.0212327638785	-0.0209117276999	-0.0142862522902	0.0100293078787	-0.0133532149292	-0.00702036092415	0.0127239705629	-0.0	0.0	0.0	0.0	0.0	0.0	0.0	0.0	0.0	0.0	0.0	0.0	0.0	0.0	0.0	0.0	0.0	0.0	0.0	0.0	0.0	0.0
SAMPLE_112522	0.182989034377	-0.0155598066938	0.12799151739	-0.100338223158	0.0286271641612	-0.00728281128431	0.0111160461083	-0.0230996997249	-0.0296719448131	0.0715662764187	-0.0512456234333	-0.0246506387577	-0.0205119891919	0.0247308136363	0.0151130066226	-0.0398811735948	-0.0233866437548	-0.00379911709811	-0.0371857671115	0.00486847427672	0.000888643757641	0.00935107393497	-0.043948399282	-0.00815288307438	-0.0307936479154	0.0105166744315	-0.0234097207868	-0.028007377643	0.0208449724557	0.0150989013887	0.0133329368441	-0.0296975448011	0.0219817242112	-0.0323933580659	-0.00690047248242	-0.0130211172071	-0.00260421153084	-0.0092534723328	0.00505294676704	-0.0	0.0	0.0	0.0	0.0	0.0	0.0	0.0	0.0	0.0	0.0	0.0	0.0	0.0	0.0	0.0	0.0	0.0	0.0	0.0	0.0	0.0
SAMPLE_112521	0.162969200463	0.125220680833	-0.11985289571	0.0337449459781	0.0352070333197	-0.122348841263	-0.0186835085869	-0.128552697743	-0.0462081425844	-0.111484354072	-0.0911764905071	-0.0164865449611	-0.0480487798674	0.0386346466396	-0.0524688622763	-0.019713278905	0.0913244578936	-0.0413921655281	-0.102580938352	-0.0488858810147	-0.00671169175579	-0.0271655655967	-0.0280366238719	0.0381825763812	0.00200481203968	-0.0853328602855	-0.0399684991244	0.0411288100431	0.00988462274456	0.00695319312075	0.0374724870577	0.0141632354623	-0.0184064674418	0.00737624559379	0.0163760353163	-0.025505102623	0.0132739621257	0.00263141185374	0.00431916083418	-0.0	0.0	0.0	0.0	0.0	0.0	0.0	0.0	0.0	0.0	0.0	0.0	0.0	0.0	0.0	0.0	0.0	0.0	0.0	0.0	0.0	0.0
SAMPLE_112520	0.226908935125	0.0937351314636	-0.00176443755281	0.0601951410888	-0.0122748834787	-0.0380922937043	-0.0870126114893	-0.0855430804471	0.00315847882644	-0.0410838703894	0.0179370618682	-0.0422395962181	0.00616906176066	0.00929181012134	-0.00676661800816	0.0165180998509	-0.0267181711753	-0.00332817424264	0.0272276176259	-0.0356673342589	0.0237755063544	-0.029794621342	-0.0753289939324	0.00343114566913	0.000788743281466	0.000599225951225	0.0286830240544	-0.0713854348101	0.00273176202253	-0.0562341572232	0.0292755930032	0.00844369180399	0.00947484887465	0.0107534304096	-0.00491150663109	0.0118223777678	-0.00542117721642	0.0131511448916	-0.00344159101937	-0.0	0.0	0.0	0.0	0.0	0.0	0.0	0.0	0.0	0.0	0.0	0.0	0.0	0.0	0.0	0.0	0.0	0.0	0.0	0.0	0.0	0.0
SAMPLE_112501	-0.0269254682352	-0.0324578659642	-0.124472013188	0.174749583289	0.0354485374753	-0.0361324285779	-0.0229439524394	-0.0822204958733	-0.0745768636941	-0.0776545312996	0.00758921066325	0.048682884265	-0.00497506284673	0.05137231518	0.153095276225	-0.0157762630917	0.0205585811721	-0.00324747396093	0.00989480519048	-0.0115748855405	-0.0129363702006	0.0152336594896	-0.0312560809662	-0.0910950082224	-0.0249436001289	0.0213732642785	-0.0111378022861	0.0133901820075	-0.0392787589918	-0.0346793692401	-0.00519488788406	0.019908551645	0.0327479879986	0.0102669299576	0.0108475096411	-0.00313727024188	0.00492784488617	-0.00394903291385	-0.00292748128122	-0.0	0.0	0.0	0.0	0.0	0.0	0.0	0.0	0.0	0.0	0.0	0.0	0.0	0.0	0.0	0.0	0.0	0.0	0.0	0.0	0.0	0.0
SAMPLE_112500	0.188537635254	0.0743512259681	-0.142289847181	-0.0219634924882	-0.220045183692	0.121625569027	-0.0540059909589	-0.00904108686888	0.0160467828907	-0.0704675303501	0.0221176912119	0.00227396631622	-0.003147906495	-0.0185811824881	-0.0343251102279	0.0119766073916	-0.0147424622663	-0.00695296635345	0.0241687920482	-0.0588374261491	-1.4823536934e-05	0.0150262930277	0.00321342160018	0.0167697785415	-0.0149867806823	0.0180376897374	-0.0245504957884	-0.0145638281229	-0.00093183040957	-0.0206308437363	-0.00490534685749	-0.0143141377769	-0.00391912973343	0.0268502217801	-0.00932888569164	-0.015989489703	-0.00519966825726	-0.00547070334466	-0.00186976036551	-0.0	0.0	0.0	0.0	0.0	0.0	0.0	0.0	0.0	0.0	0.0	0.0	0.0	0.0	0.0	0.0	0.0	0.0	0.0	0.0	0.0	0.0
SAMPLE_112503	0.08844902311	0.00165543290035	0.189123863435	0.0114059942956	-0.0291900643686	-0.124491445882	-0.0276004997259	0.098097860115	0.0178583878726	0.0286716322702	-0.0222580606444	0.0319171317497	0.0124759915295	0.0251315640577	0.066268368296	0.0307321363285	0.0314113283112	-0.0169543692711	-0.0151045401278	0.043948407733	-0.027523509302	-0.0265530230787	0.00295634647485	-0.0416584039841	-0.0123207484875	-0.0190715063756	0.0159479604749	-0.0301954936582	0.0314145657044	0.0104082977653	0.0264050315629	0.00565202400714	0.00576387128061	0.00856401966631	0.0192061938899	-0.0142169817451	-0.00527306948868	-0.00799600340901	-0.00134227750522	-0.0	0.0	0.0	0.0	0.0	0.0	0.0	0.0	0.0	0.0	0.0	0.0	0.0	0.0	0.0	0.0	0.0	0.0	0.0	0.0	0.0	0.0
SAMPLE_112502	0.143724005958	-0.0293086213814	0.162708905003	-0.0275402737522	0.0253506111542	-0.00319759000289	-0.0148513239013	-0.032891534811	-0.0442251993247	-0.0400238423788	0.0131515871527	-0.0049773903406	0.00436103275883	-3.16634278009e-05	0.0186082290288	0.0446615624	0.00344414098255	-0.0101650325792	-0.00690661131671	-0.0183491033723	-0.0191391110408	-0.0403009693764	-0.0303532865268	-0.00107147217538	0.0153554875084	-0.0141584697611	0.0436411937929	-0.0474786440998	0.0192968571849	0.0138826890464	0.0172786448303	0.000402821990651	0.00651439134347	0.00539497643739	0.00994288250158	-0.00520111095786	0.0118049803655	-0.00447294071174	-0.00679335805528	-0.0	0.0	0.0	0.0	0.0	0.0	0.0	0.0	0.0	0.0	0.0	0.0	0.0	0.0	0.0	0.0	0.0	0.0	0.0	0.0	0.0	0.0
SAMPLE_112505	0.183283987339	-0.0520095745961	0.146992489245	-0.118663077855	0.0901329879225	-0.0125904992987	-0.038568823857	-0.0281240642296	0.00553709363285	0.0608737683206	-0.0114665445195	-0.00174152254396	-0.0374632643597	-0.00677674915529	-0.0268231110211	0.0230156511943	0.0049424833588	0.0211757703103	0.0381261025153	0.0459490668321	0.0364789266916	0.0245695134385	0.0344568557388	0.0136262539337	-0.00532224593669	0.0393350538924	-0.0151918375991	0.0298176530849	-0.00217788715925	-0.0108284158111	0.0154714810284	-0.00460069262496	0.0121211514482	0.000953080760523	0.0102960339664	0.00457711663442	-0.0139998621003	-0.00268097735163	-0.00468383823085	-0.0	0.0	0.0	0.0	0.0	0.0	0.0	0.0	0.0	0.0	0.0	0.0	0.0	0.0	0.0	0.0	0.0	0.0	0.0	0.0	0.0	0.0
SAMPLE_112504	0.0890422617711	-0.00707509757362	-0.183312888339	0.160039675239	0.116231350967	-0.0163213907085	-0.0304708022773	0.0328509203533	0.0964307301789	0.0543763535826	0.134041871313	-0.0301702160682	0.0514438346323	0.0134833880147	0.0283903551428	-0.0235950387105	-0.0768397426286	-0.0113545166652	-0.00322262541519	-0.083778976232	-0.0426186541388	0.0165446019679	0.0523104616634	0.0440246652018	0.0236441798084	0.0201381448001	0.0411182941183	0.0424816304123	0.032091497471	-0.00515584850676	0.0161833330836	-0.00269935034762	0.00360952508016	-0.00249045958116	0.026902717449	-0.00407236392574	0.00795170633688	0.0035652135742	0.00912331629846	-0.0	0.0	0.0	0.0	0.0	0.0	0.0	0.0	0.0	0.0	0.0	0.0	0.0	0.0	0.0	0.0	0.0	0.0	0.0	0.0	0.0	0.0
SAMPLE_112507	0.0996581526213	-0.0547424360389	-0.249432648611	0.0847460758527	-0.0323018628884	0.0219636851817	-0.0722938322264	-0.000436348553875	-0.000766424171374	0.0211250570152	-0.0548229204561	-0.0694521004838	-0.0156397924417	0.0236962343799	0.0552392969812	-0.0292694412303	-0.0122796931044	0.0305019737256	-0.0258888214376	-0.00556418154721	0.0136585707865	0.0411127336228	-0.0104566862542	0.00101671784202	-0.00289600277439	0.00775535542271	-0.0312923937051	-0.0148632380402	0.0146336436311	0.0294447051809	-0.0205769770508	-0.0146997378355	-0.000274189790556	0.0148990265741	-0.0129208483895	0.00141872979306	-0.00574927707799	0.00881832979358	-0.00260798360609	-0.0	0.0	0.0	0.0	0.0	0.0	0.0	0.0	0.0	0.0	0.0	0.0	0.0	0.0	0.0	0.0	0.0	0.0	0.0	0.0	0.0	0.0
SAMPLE_112506	0.181560476316	0.118508513385	0.0737052855437	0.126033760957	-0.0488466447954	0.0829395127296	0.0816256003545	-0.015383069121	-0.0571028691125	-0.00593760984535	-0.0356964134384	0.0125461398453	0.011514708625	0.0168592102385	0.0375889964475	-0.040705869827	0.0207940418614	-0.0111739399313	-0.0675760833792	0.0138746322749	-0.00934527160119	-0.017319141926	0.0295139431486	-0.00854210125872	-0.0190652565485	-0.00101192617464	0.0512374170634	0.0102251205105	0.0183876132967	-0.00941436058373	-0.0400012074663	-0.0092148904676	-0.00294470560057	-0.0365540343345	-0.00855938290999	0.0146562555176	0.00630675239699	-0.00492540990663	0.00396053523318	-0.0	0.0	0.0	0.0	0.0	0.0	0.0	0.0	0.0	0.0	0.0	0.0	0.0	0.0	0.0	0.0	0.0	0.0	0.0	0.0	0.0	0.0
SAMPLE_112488	-0.0169026378357	-0.0920260916385	-0.212140543325	0.143529965567	-0.0543081472548	0.115320614019	-0.0835654676635	-0.0216376110299	0.0050790729728	0.0639887097065	-0.101483073431	-0.0749185859223	-0.0103136244586	-0.0613139734437	-0.148011273353	0.0123268287333	0.0191556855297	-0.0183329971332	0.0417326700284	-0.0116449435158	-0.0454511676346	-0.0104862628338	0.0149542524085	-0.0149997932587	0.0137697008079	0.00405961973514	0.0170972748919	-0.0036883327746	-0.0517094113386	-0.0201042468175	0.0122821915782	0.00788150069335	0.0124341380572	0.000559571153688	-0.00608642716116	0.00389346917882	0.00682881659918	0.00708644050097	-0.00378533821234	-0.0	0.0	0.0	0.0	0.0	0.0	0.0	0.0	0.0	0.0	0.0	0.0	0.0	0.0	0.0	0.0	0.0	0.0	0.0	0.0	0.0	0.0
SAMPLE_112489	-0.102897992712	-0.186555213181	-0.111868161921	-0.0523582660886	-0.125250742068	0.0326073954426	-0.0554726139264	-0.00237637844985	-0.105551315939	-0.0390245059153	0.0709334917901	-0.0039689568718	0.051073616975	0.0123319308425	0.0707062177656	-0.0189269401477	-0.0724130596652	-0.0649541495634	-0.00940467723457	-0.0467380949523	-0.0564932090818	-0.0128752533414	-0.0306267660671	0.0411199474377	0.0248315032157	0.0171410718389	-0.000808266914577	0.00300995999325	0.0170492663421	0.0349472286204	0.0106914495829	-0.0104385683305	-0.00941466428152	0.00561781375591	0.0216007660402	0.0132613004572	-0.0116381743985	-0.0126394089066	0.00155924311902	-0.0	0.0	0.0	0.0	0.0	0.0	0.0	0.0	0.0	0.0	0.0	0.0	0.0	0.0	0.0	0.0	0.0	0.0	0.0	0.0	0.0	0.0
SAMPLE_112533	-0.0394098834619	-0.12261152649	-0.138987929596	-0.0279461799379	0.153953211365	-0.0777591556165	0.0583044694863	0.0503667788232	-0.0347809716015	-0.147457436883	0.0254661763918	0.0148401060472	0.0305346757137	0.0133443272498	0.01093201068	-0.0945816060265	0.0502609615694	-0.0579752837388	0.0590032202696	-0.0188314042717	-0.0268340831932	0.0227752665564	0.0266501428367	0.00350943020019	-0.0551591707991	-0.0197467089016	-0.0126775356466	-0.00476976853255	-0.00299763744972	0.0164883031673	-0.058339232367	-0.00638848388981	0.00564700720798	-0.00703603513956	-0.0115195513968	0.00673922359748	-0.00230973468046	0.00276270416128	0.00259428207984	-0.0	0.0	0.0	0.0	0.0	0.0	0.0	0.0	0.0	0.0	0.0	0.0	0.0	0.0	0.0	0.0	0.0	0.0	0.0	0.0	0.0	0.0
SAMPLE_112480	-0.443040747001	0.392169604412	-0.0115329257751	-0.125196669171	0.160816686415	0.139892507729	-0.240109015458	0.00239586787793	0.00210390139885	-0.034736099109	-0.107722606925	0.159168950669	0.158185120329	0.0989581614843	-0.0471538219759	-0.0320352222272	-0.0517937728568	0.065048770878	-0.0102951837722	-0.00162322103588	-0.0165452194871	-0.0235227561307	0.0160525165035	-0.0288689105947	0.00302765744315	-0.00273023620999	-0.00950131190691	-0.00558856608353	0.00473148102885	0.00702225655958	0.0019618085579	-0.00119703375592	-0.000951694331875	-0.00429939696834	0.000567085775624	0.00628357277593	0.00180724409705	0.000833539847895	0.00180935419843	-0.0	0.0	0.0	0.0	0.0	0.0	0.0	0.0	0.0	0.0	0.0	0.0	0.0	0.0	0.0	0.0	0.0	0.0	0.0	0.0	0.0	0.0
SAMPLE_112481	-0.324360103241	0.0302689397252	0.0998153020256	0.0483341602573	0.0209487482886	0.0898672904777	0.125514309038	-0.156162382601	0.088535526415	0.040008906028	-0.0772976555448	-0.0881165812794	0.0581341565618	-0.0767542240014	-0.019321595116	0.0169689324975	0.00749621892545	-0.103903574315	0.021007387262	0.0247015099305	-0.119916950517	0.00724228814989	0.0575840820134	-0.0193277271958	-0.00493394315032	-0.000471153062665	-0.0332163960538	-0.0246285656773	0.022877520538	-0.0252684557949	0.0124477758246	0.0154126546047	-0.0213059463649	-0.000871775964237	-0.000239586657164	0.0066917204675	-0.00870048369532	-0.00837405097812	0.00440108533498	-0.0	0.0	0.0	0.0	0.0	0.0	0.0	0.0	0.0	0.0	0.0	0.0	0.0	0.0	0.0	0.0	0.0	0.0	0.0	0.0	0.0	0.0
SAMPLE_112482	-0.284691425006	-0.00570318628524	0.0120418573621	0.0523955576769	-0.101628287713	-0.223970150054	-0.0253396132516	0.0023863872733	-0.082846001737	0.0796326660308	-0.0428427883506	0.159700991514	-0.00139249883056	-0.0489942090784	0.00949347746589	0.0206821344805	-0.0541410429563	-0.0516297382668	0.0157896198738	0.0357445561798	-0.00679590452217	0.044601067761	0.0158016610159	0.0480988887198	0.0465458122107	-0.0515189311613	0.0175431223155	-0.0358734156904	-0.0581292886104	-0.0259384116687	-0.0253831748203	-0.0329480807379	-0.0208094091495	0.0011026436222	0.0160240835867	-0.0181712664901	-0.0030220900874	0.00468681179221	0.00765348375171	-0.0	0.0	0.0	0.0	0.0	0.0	0.0	0.0	0.0	0.0	0.0	0.0	0.0	0.0	0.0	0.0	0.0	0.0	0.0	0.0	0.0	0.0
SAMPLE_112483	-0.428914491558	0.162047796445	0.0113413879077	-0.0573607201415	0.00201982739658	0.0265857841979	0.0419842981573	-0.000686834564969	0.156807094633	-0.0215999381187	-0.0505157078311	-0.12871028721	0.134583861423	0.0349121877061	0.0905360466073	0.114766600511	0.0560187791242	-0.103752391562	-0.0270925261803	0.0165560871882	0.0949704134311	0.0565170548192	-0.0401207523521	0.0562185533174	-0.0343678720167	0.0110596903015	0.0231600285923	0.011730545175	-0.0336671039242	0.00936275901054	-0.00866208601993	-0.00168576967042	0.0101352095689	0.00333235680403	0.00769977648398	-0.00516615011255	-0.00115238601107	0.00354267705784	-0.00350846029533	-0.0	0.0	0.0	0.0	0.0	0.0	0.0	0.0	0.0	0.0	0.0	0.0	0.0	0.0	0.0	0.0	0.0	0.0	0.0	0.0	0.0	0.0
SAMPLE_112484	-0.239011605732	-0.0742337756404	0.0903804861223	0.0598118876562	-0.084918138399	0.0478307502717	0.151911613359	0.0385458434791	0.0164511200722	0.0283189147207	-0.0193835067804	-0.00840379607844	0.0161633810458	0.0460825002546	-0.0287384177485	-0.0328086166611	-0.038939825279	-0.0244372862966	-0.0149782303417	-0.107609913212	0.0734480094328	-0.0162135833095	-0.00705518507611	-0.025566980914	0.0572021141161	0.0085922646567	-0.0450437786144	-0.0591624613707	0.0111592848361	0.0119023767248	-0.0223859789086	0.0146905744253	-0.00143499057686	-0.00686314719703	-0.0097821117835	0.00480358526188	0.0273430401623	-0.0131452241079	0.00371443146753	-0.0	0.0	0.0	0.0	0.0	0.0	0.0	0.0	0.0	0.0	0.0	0.0	0.0	0.0	0.0	0.0	0.0	0.0	0.0	0.0	0.0	0.0
SAMPLE_112485	-0.239453040913	-0.0492243710213	-0.00205231772409	0.086413051917	-0.0582508611483	-0.106644658982	0.076193215421	0.134761240412	0.0892764476971	-0.0573653115171	-0.104636995732	-0.0204183163342	0.0405423551718	-0.0676150098759	0.0192555874885	0.0044416399959	-0.0127287802463	0.0840208585297	0.0204350563027	-0.0054570864071	-0.0107862681143	-0.0503230192187	-0.0203381976956	-0.0245344747277	-0.0110428377355	-0.0113537988601	0.0123070383921	0.0537426028814	0.00729877842506	-0.00731054298167	0.043407122158	-0.0380283496596	-0.0211044510023	0.00736078729702	-0.0172564281001	0.000284094993285	0.00870209058692	-0.014778640246	-0.0101077187523	-0.0	0.0	0.0	0.0	0.0	0.0	0.0	0.0	0.0	0.0	0.0	0.0	0.0	0.0	0.0	0.0	0.0	0.0	0.0	0.0	0.0	0.0
SAMPLE_112486	-0.235948229569	-0.122587543989	-0.0282582894822	0.00390389996781	-0.0670299941693	-0.0572678214067	0.0411850018938	-0.159220726413	-0.0784406337006	0.00696361513067	0.0704325636541	0.00404315578102	0.0241616388054	0.057881083817	-0.0244551560832	0.0475658361268	0.0529727099683	0.00173833010209	-0.0459027909596	0.0636201089971	0.0485435514516	-0.0680907859337	0.0235754928766	-0.0775613541304	0.019450626558	0.0865317573182	-0.0354974672688	0.0276206629363	0.0223266744907	-0.00870620587935	-0.00826593859451	-0.0160730566735	-0.0281790792063	0.0202716815281	0.000387151865077	-0.00873538218526	-0.00365504282557	0.0118522276923	0.0103243246941	-0.0	0.0	0.0	0.0	0.0	0.0	0.0	0.0	0.0	0.0	0.0	0.0	0.0	0.0	0.0	0.0	0.0	0.0	0.0	0.0	0.0	0.0
SAMPLE_112487	-0.212529174672	-0.0480578568182	0.119219021585	0.0754841806323	0.0563028677101	-0.017305048182	0.0993282741306	-0.0991135537112	-0.0141200063349	-0.0375289641345	-0.120485880472	-0.0426459400921	-0.0124496701537	-0.0214021603535	0.0615528346464	-0.00382173010816	-0.0878553103788	0.0910208835391	0.0129776046644	0.0153024512307	-0.025184883454	-0.0667083298008	-0.0188834718165	0.0862882033515	0.0579194019284	0.00426288965209	-0.00994828077273	0.0249306939355	0.0243197951627	0.00196956758801	-0.0247739719664	-0.00320203015425	0.0479048894893	0.00848027831975	-0.0161791154196	-0.0140320882926	-0.0180065494478	0.007437445065	-0.000649226019628	-0.0	0.0	0.0	0.0	0.0	0.0	0.0	0.0	0.0	0.0	0.0	0.0	0.0	0.0	0.0	0.0	0.0	0.0	0.0	0.0	0.0	0.0
SAMPLE_112478	-0.412681216427	0.153699702012	0.0101181762086	-0.000759478855348	-0.075176911893	-0.0652595010795	-0.0172896055831	0.129269531178	-0.0465345315556	-0.0332322812736	0.105555152341	-0.107524802684	-0.104614128204	0.094997613906	-0.0385309099261	0.0316821981848	-0.0200496077711	0.0787479917731	-0.0537038806074	0.061677160699	-0.0830320406095	-0.0174974584527	0.0103604426531	0.0826737015446	-0.0731817335315	0.0468587082487	-0.021524418915	-0.030287018177	-0.0199568144128	-0.0129945706271	-0.00614895116865	0.0305627420864	-0.0030737943508	0.000192098256887	-0.0013095592101	-0.00495048017321	0.0174842362384	-0.00199532363993	0.00124219445544	-0.0	0.0	0.0	0.0	0.0	0.0	0.0	0.0	0.0	0.0	0.0	0.0	0.0	0.0	0.0	0.0	0.0	0.0	0.0	0.0	0.0	0.0
SAMPLE_112538	0.11327612525	0.0259761732286	-0.125838552554	-0.285952094202	0.149374904397	-0.0744164175315	0.150876648189	0.0893345367792	-0.0971520702993	0.0143034506905	-0.0867816349816	-0.0145097159524	-0.00186311788651	-0.0271582338507	-0.0458815893687	0.00970238707369	-0.00823816164758	-0.00709558326386	-0.12079814192	-0.0697934918007	-0.0490344324793	0.0349475910397	-0.0134177533732	-0.0376716262431	0.0378159944863	0.0598577565093	0.0583909609029	0.00589314647145	-0.0218674072907	-0.0112700831301	-0.00728999321069	0.0326137743159	-0.00771273676795	0.00399719863274	-0.00253233148503	-0.00542580158566	-0.0167934048252	-7.94710744572e-05	-0.00674833720841	-0.0	0.0	0.0	0.0	0.0	0.0	0.0	0.0	0.0	0.0	0.0	0.0	0.0	0.0	0.0	0.0	0.0	0.0	0.0	0.0	0.0	0.0
SAMPLE_112527	-0.044666592403	-0.202384749187	0.0284311929471	0.0273503364725	0.0728087243695	0.0734823755138	-0.0645094065185	0.02607133536	-0.0793940418943	0.0931584213809	-0.00444402705117	-0.013145357483	0.0173969157594	-0.0438338657645	-0.0148918414937	0.0343353747285	0.0365739054061	-0.0332977846214	0.00999356170824	0.0671557249584	-0.100311358859	0.0252462360815	-0.0421203715911	-0.0384018107174	-0.0118460410447	-0.00530481273446	-0.0220282203204	0.00656574222635	-0.00423219006992	0.039559523294	0.000373427281197	-0.0153928212346	0.0406472653187	-0.0140662574464	0.00823940321976	-0.0143675712674	0.0178433794812	0.00575779606982	-0.00198885747464	-0.0	0.0	0.0	0.0	0.0	0.0	0.0	0.0	0.0	0.0	0.0	0.0	0.0	0.0	0.0	0.0	0.0	0.0	0.0	0.0	0.0	0.0
SAMPLE_112526	0.0198914687195	-0.185935005549	-0.0702104655309	-0.0700076879988	0.0845938069761	-0.0250644312334	-0.0517271400693	-0.00552628321544	0.0868277015591	0.0311070507731	-0.00613743158394	-0.0510933286758	-0.000471302705139	-0.00262657921148	0.0472682699317	-0.0340669626915	-0.0110444829217	0.0448965186466	0.0437286383783	-0.0216710563458	0.00250829731087	0.0386361448301	-0.0777984992428	-0.0123182479225	0.0201225142567	0.00115165274299	-0.0062275261212	0.0124759914852	-0.00538690255915	-0.0217371296463	0.00719558203706	0.0303823202734	-0.000993144206307	-0.011719172876	-0.0111242826946	0.00652625091129	0.00885124937975	0.000761271369772	0.011477729812	-0.0	0.0	0.0	0.0	0.0	0.0	0.0	0.0	0.0	0.0	0.0	0.0	0.0	0.0	0.0	0.0	0.0	0.0	0.0	0.0	0.0	0.0
SAMPLE_112530	0.150163400513	0.234991740811	-0.259229792461	-0.188068022034	-0.0704238964519	0.10089006663	0.249537400925	0.0337988218946	-0.0744627424974	0.150316710447	0.0323943153555	0.0776803265923	0.0317397870056	0.0763551454781	0.040051085392	-0.0489792381324	0.0500738159192	-0.0178911103165	0.0997766678872	0.0691256885815	-0.0123818522002	-0.0493920733769	-0.0388577503846	0.0395125384616	0.00916059292677	-0.0228787091153	0.0181054862766	0.00975099537232	0.00700406673531	-0.0143420964334	0.0283079559704	-0.000270154646396	0.00473036034458	0.0136722411584	-0.00644181443821	0.0084134637284	0.00854568722984	0.00520134809588	0.00301357036976	-0.0	0.0	0.0	0.0	0.0	0.0	0.0	0.0	0.0	0.0	0.0	0.0	0.0	0.0	0.0	0.0	0.0	0.0	0.0	0.0	0.0	0.0
SAMPLE_112531	0.236627278095	0.125233031831	0.0799609286924	0.096319802721	0.0601678670507	0.0416479525865	0.0633663341534	0.0053069865286	-9.1022707333e-05	0.065559145375	0.0274442711015	0.0216933817953	-0.0087311237928	0.0313799340138	-0.0160974066112	-0.0329478585856	-0.016815757962	-0.0158703383423	-0.0221159795895	-0.0163436464684	0.0105087963477	0.00865431934866	0.0218811284206	0.000574250020732	-0.0138836957405	0.0272225113983	-0.00672564219704	-0.00227449145053	-0.0351514797478	-0.0135031102271	-0.00506300229029	-0.0340101761108	0.0298938309	0.0348793544323	-0.000237410376048	-0.010324478212	0.00843566024381	-0.00133782966888	-0.0112680373161	-0.0	0.0	0.0	0.0	0.0	0.0	0.0	0.0	0.0	0.0	0.0	0.0	0.0	0.0	0.0	0.0	0.0	0.0	0.0	0.0	0.0	0.0
SAMPLE_112518	0.111906352129	-0.0183784644233	0.0298082001313	-0.191259076003	-0.145187781474	-0.0756525499198	-0.0575775673947	-0.137818553562	0.0247081795415	-0.0411653632092	-0.0436400076972	0.00342471786883	-0.0263400382382	0.00427039128392	-0.00808117084233	-0.0287488746327	0.0168659945041	0.00980883877267	-0.010539192697	0.0219436626456	-0.0197429233086	0.0337590070454	-0.0160732809448	0.0158676129587	0.0333525894349	0.00833454074436	-0.0427022864178	0.00248278122824	-0.0025563059055	-0.000539327144927	-0.0185575216653	-0.0184316394383	0.0130202844488	-0.00490815526067	0.0113334591463	0.0507651344987	0.011070652757	-0.00906147610339	-0.0108338657786	-0.0	0.0	0.0	0.0	0.0	0.0	0.0	0.0	0.0	0.0	0.0	0.0	0.0	0.0	0.0	0.0	0.0	0.0	0.0	0.0	0.0	0.0
SAMPLE_112519	0.195269346601	0.182189111048	-0.0143485659746	0.106720453252	0.0161200255898	-0.0681698643582	0.0296335952645	-0.0475740612658	0.0438909213616	-0.0738558442751	0.0670250215328	0.0102793902923	0.037340769871	-0.0477108595944	-0.0699087985065	-0.0681159575346	0.000301336326794	0.012807349415	0.00725753808832	0.102037920129	0.0319437723956	0.0348198985208	-0.0218011103589	0.0323957451287	0.0884773079227	0.062799833447	0.00456698836966	0.00590739399124	-0.0325018743817	0.0457782072525	0.0175410964967	0.0195508563668	-0.0054641807756	-0.0209887945542	0.014570110793	0.00512904259044	0.00843343992317	-0.00579377186327	-0.000359695635107	-0.0	0.0	0.0	0.0	0.0	0.0	0.0	0.0	0.0	0.0	0.0	0.0	0.0	0.0	0.0	0.0	0.0	0.0	0.0	0.0	0.0	0.0
SAMPLE_112534	-0.0898915170233	-0.21127123829	-0.128305647348	-0.046805797793	0.0838471949961	-0.0129437798589	-0.0323794560653	0.0439931499355	-0.118743345438	-0.0867913560122	-0.0391373434912	0.0264759000529	-0.0261420167324	0.00837548518044	-0.0817859445983	0.0288858862748	0.0395977384436	-0.0715962053229	0.013460320014	-0.00181508908949	0.0636950975269	-0.031259476474	0.030379153633	0.0496154814469	-0.0330068133063	0.0213234653873	0.0182712567223	0.00152732144267	0.00757538891824	-0.00247063228038	0.0276329823809	-0.0315081321604	0.0247195920555	-0.0072011320222	-0.00774058344495	0.0155123579057	-0.00390779587134	-0.0101801170288	0.000883254194596	-0.0	0.0	0.0	0.0	0.0	0.0	0.0	0.0	0.0	0.0	0.0	0.0	0.0	0.0	0.0	0.0	0.0	0.0	0.0	0.0	0.0	0.0
SAMPLE_112535	-0.0263581529481	-0.186709873693	0.028149138706	0.0426021392516	0.0377749432438	0.0247900054276	-0.00268854896525	0.0235894712751	0.00235855050398	0.0377172063181	-0.0392709324933	-0.0143967094909	-0.0105429885821	0.0245579342405	0.0324296442464	0.0231432623512	0.04525887667	0.0316980556995	-0.044506149348	-0.00581227111558	0.0220568096421	-0.028643555722	0.0668686292471	0.0173606545313	0.029527010693	-0.0316268630418	0.0509896367812	-0.0165745053686	-0.0131493239551	0.023629620022	-0.0120695889481	-0.00701409089621	0.00883129053004	0.00571797604439	-0.0137371190204	0.0167363105223	0.0206254003838	0.0142685941504	-0.000374404936408	-0.0	0.0	0.0	0.0	0.0	0.0	0.0	0.0	0.0	0.0	0.0	0.0	0.0	0.0	0.0	0.0	0.0	0.0	0.0	0.0	0.0	0.0
SAMPLE_112536	0.105623042831	-0.102434481601	0.120461690479	-0.0441364450948	-0.0855134386578	0.131712725362	-0.0339303485006	0.0731800322347	-0.0418237989513	-0.0393831732887	-0.0460021862187	-0.0190860828398	0.0148096705946	-0.0566911875421	-0.00885264506834	0.0175256022368	0.0171230864718	0.0222115669984	-0.0281918339932	0.000715553503382	0.0286335534125	0.024134139993	0.0352137730361	0.00300180501305	0.00825760159383	-0.00319628352749	0.0331244092384	0.00993111707046	0.0335328301247	-0.00878906018744	0.0112878715005	0.0122895392763	-0.00200298868228	0.0136963187911	0.0176144020372	0.013493697	0.0136590022689	0.00998778960571	0.00853566692339	-0.0	0.0	0.0	0.0	0.0	0.0	0.0	0.0	0.0	0.0	0.0	0.0	0.0	0.0	0.0	0.0	0.0	0.0	0.0	0.0	0.0	0.0
SAMPLE_112537	-0.0869014128287	-0.159967849615	-0.112785594468	-0.0472886433709	0.186837056704	-0.0206010319391	0.0583958484759	0.0288690043093	0.14977987265	-0.0742063945751	-0.0368505024106	0.0760781615269	-0.0873516624795	-0.0174927196696	-0.0862951223822	-0.0472200967526	-0.0678491454606	-0.0519496369073	0.018588565936	0.0668852474652	0.0446878644399	0.0081342124553	-0.0147331259867	0.00414142412119	-0.0241987864053	0.00878252216844	-0.00836166461622	-0.0378910719969	0.0474081015074	-0.017026767783	-0.00117293814999	-0.0049306063416	-0.00569190368202	0.00796154740111	-0.00148490310533	-0.0176763802412	0.00454522376041	0.00226099877434	0.000860318358436	-0.0	0.0	0.0	0.0	0.0	0.0	0.0	0.0	0.0	0.0	0.0	0.0	0.0	0.0	0.0	0.0	0.0	0.0	0.0	0.0	0.0	0.0
SAMPLE_112512	0.167270660412	-0.044248383226	0.164557678224	-0.0621044694723	0.0552612464499	-0.0436061998692	-0.0455464670077	-0.0493938879586	0.0225929056629	0.0360254905969	0.00270181628413	-0.0134447028402	-0.00631803476428	0.00634921186529	0.00408435380981	-0.000451124312886	0.0288299758598	0.0226686727912	-0.00727169203976	0.0198128045754	0.0207577310206	-0.00841185850949	0.0109187758426	-0.00449485278311	0.0179588336321	-0.0213683567886	0.0134015310227	0.00679643979252	-0.0289692642506	-0.0261689646773	-0.0136242608929	0.0241721834302	0.00863816978077	-0.0186689706409	-0.022311450062	-0.0103600332754	0.00683822196447	3.2387982605e-05	0.00982549301854	-0.0	0.0	0.0	0.0	0.0	0.0	0.0	0.0	0.0	0.0	0.0	0.0	0.0	0.0	0.0	0.0	0.0	0.0	0.0	0.0	0.0	0.0
SAMPLE_112513	0.255000723358	0.160434040174	-0.0494555694353	0.0147392594035	0.11710402112	-0.0961808969824	0.0140709850869	-0.0705983997594	0.0292915521793	-0.0192586084831	0.0448321671696	-0.0101615765127	-0.0101941920893	-0.0230124643377	0.000369327124383	0.120247489704	-0.0496603459702	0.0365269464357	0.0371752640307	-0.0204360906149	-0.0212373621967	-0.0120684951965	-0.00978405302938	-0.0326419142228	-0.0160497586532	0.0189688628324	0.0424873630386	-0.0189386130927	-0.0116583615046	0.00974422801877	-0.02115519078	-0.0344154453128	-0.0291816718692	-0.0139632510434	-0.00197905568126	-0.000699502586522	0.00813536166628	-0.0128222779481	0.00294473324853	-0.0	0.0	0.0	0.0	0.0	0.0	0.0	0.0	0.0	0.0	0.0	0.0	0.0	0.0	0.0	0.0	0.0	0.0	0.0	0.0	0.0	0.0
SAMPLE_112510	0.220585611977	0.115004427937	-0.0189712192368	0.109185065517	-0.0293068596797	-0.0170255190107	-0.0240236497353	-0.0442529934741	0.0447473671691	-0.0376293044036	0.0474063483943	-0.0184124481994	0.0362549805906	-0.0226202960499	-0.0166179077164	-0.0447076627637	-0.00679999090476	-0.00772306073461	-0.00744037207043	0.0540118039522	-0.0122733893625	-0.0117504567189	-0.0263769425293	-0.013963081856	-0.0352561494575	-0.00445109758205	0.0441502742099	0.0228042162033	0.0261370487524	-0.0291688328236	-0.0288461729916	-0.0151495604584	-0.0116689581839	0.000300235096494	-0.0172551090883	0.00397115996161	0.00315855056791	-0.00273295566994	0.00143349968782	-0.0	0.0	0.0	0.0	0.0	0.0	0.0	0.0	0.0	0.0	0.0	0.0	0.0	0.0	0.0	0.0	0.0	0.0	0.0	0.0	0.0	0.0
SAMPLE_112511	0.22200810892	0.0698864796159	0.0212773700411	0.0590222471982	-0.0695586843256	0.082490020907	-0.0416624886085	-0.049870702479	-0.0627502555077	-0.0203956860601	-0.0690951776766	-0.0289957006255	-0.0318779580068	0.0233803080938	0.0323830981284	-0.0328214003985	-0.0216412482759	-0.0214685665304	0.0539527453891	0.0396356246545	0.038824618818	0.0205776198923	0.0389313418862	-0.00225637082404	-0.0213674553231	0.0182930738738	0.0494918515263	-0.0310420319906	0.0401095585095	0.0344581264004	0.00226755493626	0.0328662693108	-0.0106493659783	-0.00547378548396	0.0154713852035	-0.0280026924946	-0.00822098308437	0.00421560308039	-0.00598469743885	-0.0	0.0	0.0	0.0	0.0	0.0	0.0	0.0	0.0	0.0	0.0	0.0	0.0	0.0	0.0	0.0	0.0	0.0	0.0	0.0	0.0	0.0
SAMPLE_112516	0.221257436742	0.0889820594531	0.0160066644005	0.0582622285538	-0.0103426153177	0.148470691523	0.0366278029147	0.0829678181022	-0.0180021796222	0.094702380543	-0.0111374384236	-0.0549061752949	0.00460369962633	-0.0295403443326	-0.0333434117609	-0.0442842538687	-0.0631043643165	0.017722078025	-0.0828321280511	0.0190555505535	0.035102704697	0.0304820156612	-0.0577655405912	-0.0116382098271	-0.0204783858821	-0.0294609654933	-0.0512773509202	0.0193180528656	-0.0106876744806	-0.00209121403129	-0.0152063713429	-0.0280397193277	-0.0243839084772	-0.0112149993349	0.0138241779715	-0.0217155429975	-0.0051153765774	0.00412668542408	-0.00042762661186	-0.0	0.0	0.0	0.0	0.0	0.0	0.0	0.0	0.0	0.0	0.0	0.0	0.0	0.0	0.0	0.0	0.0	0.0	0.0	0.0	0.0	0.0
SAMPLE_112514	0.161151344769	0.00130479214219	0.16510104899	-0.00434633654541	0.00933569420088	-0.0107494785662	-0.0133656346146	-0.0151388334072	0.0201234345167	-0.00541673115353	0.0364778760187	-0.0221581085084	0.0273171116645	-0.00791819067176	-0.0146757241957	-0.0692419170406	-0.0180136026727	0.00392082833356	-0.0429162945759	0.0205300869344	-0.0159751303921	0.0177591951285	0.0205005927159	-0.0084323535807	-0.0144213407214	-0.0255807330173	0.0151148136606	-0.0108221823004	-0.0370624937893	0.0435844176438	0.00888057337181	0.00121443145057	-0.00330863952466	0.0893553843694	-0.0297680914805	0.0116575377635	-0.0141095406049	-0.00506235986315	0.00969955331269	-0.0	0.0	0.0	0.0	0.0	0.0	0.0	0.0	0.0	0.0	0.0	0.0	0.0	0.0	0.0	0.0	0.0	0.0	0.0	0.0	0.0	0.0
SAMPLE_112515	0.135884342653	0.164219098214	-0.0815549835077	0.115279130507	-0.150839608313	-0.117278925618	-0.0341123182949	0.169154999583	0.0539405949377	-0.0598550131556	-0.0269761017	-0.000169556772401	0.0372387129559	-0.0327988303288	-0.00898691310009	-0.0322404201418	0.0615441989492	-0.021335212522	0.0158451961588	0.0426888778541	-0.00838100616255	-0.0183632048369	0.0246684152924	-0.0282320710039	0.0352030426796	-0.0131140608154	-0.0153430645286	-0.00252709839375	0.0130944575836	0.0141674764123	-0.0172125860247	0.0356210159663	0.00925168374832	-0.0177595092645	-0.0162540554952	-0.000587420783153	-0.0148425981631	-0.000497109854984	-0.0066919114349	-0.0	0.0	0.0	0.0	0.0	0.0	0.0	0.0	0.0	0.0	0.0	0.0	0.0	0.0	0.0	0.0	0.0	0.0	0.0	0.0	0.0	0.0
SAMPLE_112475	-0.36298669618	0.0449909239644	0.0148911763587	0.0409205211654	-0.113115830404	-0.14954047896	0.0244297742038	-0.0932494886731	-0.112224171862	0.113615115512	0.0267002297915	0.101096796165	0.0269016506054	-0.10969148606	-0.0308589226545	-0.00796512138669	-0.0821236035704	0.00844183854175	-0.00739169946948	-0.0361453185661	0.0509425752804	0.0673893920336	-0.000201049551035	-0.00639857658572	-0.0818283028654	-0.000776066214065	0.00888786313891	0.0333461257048	0.0393977189569	0.0110443859225	0.0164767997577	0.0440914801018	0.0157683309822	0.000277397790404	-0.0198609417674	0.00780641992117	0.0101660982695	0.0052509121555	-0.00644412974033	-0.0	0.0	0.0	0.0	0.0	0.0	0.0	0.0	0.0	0.0	0.0	0.0	0.0	0.0	0.0	0.0	0.0	0.0	0.0	0.0	0.0	0.0
SAMPLE_112474	-0.390912394149	0.131807054906	0.128028566601	0.0221059597448	-0.0282630162903	0.0189979583645	0.0169533968311	0.0216804044203	-0.0561771738257	-0.0525517415727	0.0680075833566	-0.0876105166318	-0.128599947448	0.16385266943	-0.0655880812179	0.0264356179309	-0.0104175113659	-0.0173019026399	0.0613753821094	-0.00798424011196	-0.0123509122621	0.110216295819	-0.0102303736311	-0.0582613546921	0.0697045915262	-0.0520631090961	0.0364405899904	0.0341478590464	0.0310278994082	-0.00413766364553	0.00915170119786	-0.0237038388824	0.00262387077853	-0.00372964220778	-0.0160198298298	0.00145721004716	-0.0101308122238	0.00211554613004	-0.00189081059382	-0.0	0.0	0.0	0.0	0.0	0.0	0.0	0.0	0.0	0.0	0.0	0.0	0.0	0.0	0.0	0.0	0.0	0.0	0.0	0.0	0.0	0.0
SAMPLE_112477	-0.296257777837	-0.0740941664709	-0.0339146065914	0.0313952765577	-0.063310355994	0.0188993547968	0.11115976085	-0.0589641782313	0.0546043310647	-0.006343463959	0.0704449920009	0.0280185644842	0.0431972861059	-0.0457688463663	-0.0799421015741	-0.0379517455846	0.144499731291	0.171547377126	-0.00247658452811	-0.0501556069964	0.00100205225744	0.0313279768782	-0.0263989275071	-0.00161507554341	-0.0321868540232	-0.0173836634819	0.0320037596052	-0.0413972406687	0.00621261259094	0.0076464861199	-0.00498691051002	-0.0182188496738	0.0189557092292	-0.00949737091733	0.0362371777008	-0.0021232960504	-0.0225586714309	0.000730897072507	0.0051456628302	-0.0	0.0	0.0	0.0	0.0	0.0	0.0	0.0	0.0	0.0	0.0	0.0	0.0	0.0	0.0	0.0	0.0	0.0	0.0	0.0	0.0	0.0
SAMPLE_112476	-0.476625116753	0.346522888566	-0.00426272975961	-0.114386107864	0.0873900058318	0.0657088126277	-0.108742231189	0.0149856238687	-0.00923144016755	0.03322305268	0.0878437794302	-0.0534287276134	-0.182362397267	-0.197831313468	0.0968766991859	-0.0850587238727	0.0526257894133	-0.0410895196972	-0.00197350037297	-0.0297675364076	0.0356603925378	-0.0594986063926	0.00449602530115	-0.0227653377651	0.0209379590561	0.00365562174655	0.0050414741348	-0.00155757840975	-0.00437857034245	0.00653749010514	-0.00072605888348	-0.0144263859795	-5.5095820458e-05	0.00211911497554	0.00447318661378	0.00346399021677	0.000369357064148	0.000403749484734	0.00068708852461	-0.0	0.0	0.0	0.0	0.0	0.0	0.0	0.0	0.0	0.0	0.0	0.0	0.0	0.0	0.0	0.0	0.0	0.0	0.0	0.0	0.0	0.0
SAMPLE_112529	-0.104561096062	-0.149780723634	-0.0735288126768	0.000288536474337	0.102634206191	-0.0626340889205	-0.00536950721881	-0.0167566349126	0.00221347163077	0.090172640578	0.195506513274	-0.0912268285472	0.0945130328899	0.0449026573653	-0.0433153521886	-0.0264329336944	-0.0460048054311	-0.015048986761	-0.0310642687797	0.0156075290679	0.0433547522305	-0.0733666314815	0.0330857539032	-0.0280577595185	0.00905771506068	-0.0695875523988	-0.0228321480594	-0.0157073337771	-0.0183076281223	0.00127906548234	0.0144232683456	0.01285225338	0.00462056317328	-0.0196075150877	-0.000339459546477	0.0037830278672	-0.0148307722134	-0.00119442862976	-0.0148026684211	-0.0	0.0	0.0	0.0	0.0	0.0	0.0	0.0	0.0	0.0	0.0	0.0	0.0	0.0	0.0	0.0	0.0	0.0	0.0	0.0	0.0	0.0
SAMPLE_112499	0.00246861748596	-0.0561745967689	-0.0264199718982	0.193141992878	0.160435005723	0.0756717054969	-0.0715136208783	0.0199192085342	-0.0519225621582	0.10975922076	0.0391946966625	0.115985628223	-0.00702824559656	-0.00293897097429	0.0451412324777	0.0768609969085	0.133706970065	0.0260788089962	-0.00743027344832	-0.0238677886915	-0.00565859636982	0.0413397620201	-0.0196287344473	0.0670815704415	0.0386129441317	0.0223188097607	-0.0326411426521	-0.0153552360665	0.0343596375027	-0.0058778773128	-0.00380971948921	0.00929377213396	-0.0442818523807	0.00525531216222	-0.033543650146	-0.00354138031998	-0.00713729125901	-0.00985476449754	-0.0102586820483	-0.0	0.0	0.0	0.0	0.0	0.0	0.0	0.0	0.0	0.0	0.0	0.0	0.0	0.0	0.0	0.0	0.0	0.0	0.0	0.0	0.0	0.0
SAMPLE_112498	0.0422162897998	-0.0745339501935	0.140735961674	-0.0425040699146	0.0185992985286	0.110412337718	0.0848922315943	0.0436708605063	0.157077741615	-0.0760187235292	0.0947279989824	0.174617790047	-0.0626437001476	-0.00702366332236	0.0234211622016	0.0392388932127	-0.00761563650872	-0.017333688506	-0.0406501727485	0.00862141033131	-0.0326365883383	0.0136799300464	-0.0163986982444	-0.00498368816173	0.00141692622108	-0.0289091139713	-0.027103029647	0.011132341904	0.000903795651099	-0.015586258295	-0.00244067101039	0.0309140711243	0.010307750901	0.0162052358949	0.0134832640334	0.0126551849112	-0.00079898700082	0.00348485499244	-0.00284569525576	-0.0	0.0	0.0	0.0	0.0	0.0	0.0	0.0	0.0	0.0	0.0	0.0	0.0	0.0	0.0	0.0	0.0	0.0	0.0	0.0	0.0	0.0
SAMPLE_112497	0.0141856308764	-0.0371992579955	0.137247561474	0.0195664782546	0.0204804913187	0.0765738239294	0.0975436623234	0.0738332511603	-0.0823546654876	-0.183929085336	0.0579974647588	0.0330655327653	0.0583414924408	-0.0587641674879	0.0328858001436	0.0158950472484	-0.0118398487436	0.0216575005522	0.0576147732629	-0.0220394905183	0.00534935522072	0.0200783539867	0.031219684475	-0.0201376521	0.0177468522932	0.0263803577079	-0.0396589360151	-0.00355445956506	-0.0363902762014	0.00717218143986	0.0412895710303	-0.012441369964	-0.00303444921074	-0.00846915039088	-0.00630281829516	-0.0245543037945	0.00924094235876	0.0150047796109	-0.000481252074233	-0.0	0.0	0.0	0.0	0.0	0.0	0.0	0.0	0.0	0.0	0.0	0.0	0.0	0.0	0.0	0.0	0.0	0.0	0.0	0.0	0.0	0.0
SAMPLE_112496	0.104175226321	-0.115718692001	-0.0342867023486	-0.232962579773	-0.139373416234	0.0115214645636	-0.106147187026	-0.0078482037858	0.0686212932679	0.00413922138547	0.0609163713505	0.00212984396991	0.0403188761457	-0.00516237708463	0.0268316085029	-0.0244197139922	0.0240544629294	0.0156193325208	-0.0263902526739	-0.000510484354747	0.0022302035778	0.0166865746446	0.0791510393219	0.0191095088513	0.0324164499957	-0.00356607533209	-9.79184760095e-05	0.0176194633304	0.0190281530086	-0.0530654056563	-0.0154450875781	-0.00607636455147	0.025977001075	-0.00583250219368	-0.00486391202623	-0.0428558294922	0.00465978669641	-0.0116245011009	-0.00406617969139	-0.0	0.0	0.0	0.0	0.0	0.0	0.0	0.0	0.0	0.0	0.0	0.0	0.0	0.0	0.0	0.0	0.0	0.0	0.0	0.0	0.0	0.0
SAMPLE_112495	0.0706534209	-0.101456139943	0.154849187453	-0.0022651971909	-0.0304736539714	0.0981846770159	-0.0549136769509	0.0765040764447	-0.100692116577	-0.0407103473895	0.0664110149905	-0.000768506438193	0.0555965062229	-0.0531845935539	-0.0356448693674	0.0317652337576	-0.00596659508528	-0.022920632817	-0.0164396155233	0.032885570337	0.0283720179448	-0.00365779537832	-0.0467569664267	0.00510716995647	-0.0175243325541	-0.0208927291368	0.0142261756544	0.0257828812405	-0.0121147819346	-0.0243116763959	-0.00417736458125	0.00399355072978	-0.00858222581614	-0.00840481671428	-0.00666576607284	0.0160705813871	-0.00350642357265	-0.0126545411481	0.00678584462165	-0.0	0.0	0.0	0.0	0.0	0.0	0.0	0.0	0.0	0.0	0.0	0.0	0.0	0.0	0.0	0.0	0.0	0.0	0.0	0.0	0.0	0.0
SAMPLE_112528	0.0716794057946	0.00973771365744	0.234596426741	-0.0644347860138	-0.0718413590619	-0.0322419864944	-0.0487270579472	0.0100271213279	0.0572632933414	0.0513091032401	0.0209461999374	0.0404676424709	-0.00514270885578	0.0254240515757	-0.10064642511	0.0264954800776	0.0285455598865	-0.0555713496708	0.0999258999099	-0.101140392369	-0.017796603731	-0.083458704066	-0.0553197475321	0.00863386220695	-0.0159242042335	0.0236480551751	0.00728591966335	0.0470702445517	-0.00871777390065	0.0354694652478	-0.0526369290427	0.0155252888342	-0.00338086371277	0.0065255851295	0.00522440867895	-0.0203455760558	-0.00116964224971	0.00648391145627	-0.00223728857836	-0.0	0.0	0.0	0.0	0.0	0.0	0.0	0.0	0.0	0.0	0.0	0.0	0.0	0.0	0.0	0.0	0.0	0.0	0.0	0.0	0.0	0.0
SAMPLE_112493	-0.0634067438994	-0.0949707409093	-0.21837140411	0.0804851658158	-0.111034112793	0.106834401505	0.00749641595641	-0.0184512467554	0.139372302886	-0.00173355721511	-0.00483634214304	0.130104254186	-0.117447082311	0.0253371354602	0.00268561610981	0.0914570046161	-0.0539370831973	-0.0193795057958	-0.0809029399134	0.030284311142	0.0035344941837	-0.038653802539	-0.00632810020629	-0.0267659333562	-0.000394861715394	-0.00242192091573	0.0276796349393	0.01331863516	-0.0178600891157	0.0293682690868	0.00164982355252	-0.0020239224722	0.010896570604	-0.017870669338	-0.00126318444026	0.00975556286354	-0.0108993517739	0.00396461533335	-0.00102062441332	-0.0	0.0	0.0	0.0	0.0	0.0	0.0	0.0	0.0	0.0	0.0	0.0	0.0	0.0	0.0	0.0	0.0	0.0	0.0	0.0	0.0	0.0
SAMPLE_112492	-0.00517513383211	-0.136636745008	-0.0433516709352	-0.0142834244354	-0.00985866468708	-0.137239775945	-0.107526658223	0.160942859203	0.0728184418643	0.0980033108767	-0.0470607811363	-0.0397738681451	0.0096011235845	0.0207075263948	0.00944728703501	-0.0095540903968	0.0232041071936	-0.00148578658511	0.0239795211984	0.0231872551254	0.00936085095938	0.00367733029582	-0.0286825502018	-0.0275252646941	0.0120324555098	0.0283666503481	-0.0135324854206	-0.00460326914145	0.0273468922123	0.00036832824613	0.00160496538566	-0.00416347114303	-0.00433021950204	0.024112839413	0.0115497025798	0.0121605872561	0.00159460582188	0.00604976968888	0.00913432001476	-0.0	0.0	0.0	0.0	0.0	0.0	0.0	0.0	0.0	0.0	0.0	0.0	0.0	0.0	0.0	0.0	0.0	0.0	0.0	0.0	0.0	0.0
SAMPLE_112491	-0.119863828209	-0.213347173844	0.0280369070354	0.0278776326332	0.0247544320676	0.107915908358	-0.0148443446393	0.0389103873028	-0.10571885925	-0.0432200637179	-0.0616637208251	-0.0390635606534	-0.0275392029586	0.00669467326122	0.0312774993376	-0.0199312268798	-0.0466717310543	0.0318654738806	0.0405811352209	0.0321136928507	0.0299263943128	-0.0355284651352	-0.0195970594931	0.0154473422726	-0.00339770625126	-0.0205073061945	0.0016706632812	0.0113854922081	-0.0285260175332	-0.0231663923031	-0.0195662692827	0.0328244319523	-0.0356593121247	-0.00517186825208	0.0210818087707	0.00470687127201	-0.0148640913336	-0.00313684977935	-0.000558418502049	-0.0	0.0	0.0	0.0	0.0	0.0	0.0	0.0	0.0	0.0	0.0	0.0	0.0	0.0	0.0	0.0	0.0	0.0	0.0	0.0	0.0	0.0
SAMPLE_112490	-0.0659793683893	-0.180686315475	0.0294762864315	-0.0500647190704	-0.00965118525951	0.0283305185739	0.00591720881513	-0.0921574807846	0.0769109643185	0.0662855175288	-0.0676371453336	0.0117674366567	-0.0712734352177	0.0853883664708	0.0446026962313	-0.0840046156908	0.0111361505161	0.0440955292506	0.0555062363919	-0.0141366075442	0.0119364058711	0.0140279428572	0.0448767216994	-0.00440217173262	-0.0393519656913	0.00112658239295	0.0241238411866	0.0151195018053	-0.0468754185679	0.0197485435886	0.0198115124955	0.0087496874497	-0.0417869775791	-0.00164928224928	0.010365505773	-0.0076288905965	0.00749458949119	-0.0138888583201	-0.0060494829242	-0.0	0.0	0.0	0.0	0.0	0.0	0.0	0.0	0.0	0.0	0.0	0.0	0.0	0.0	0.0	0.0	0.0	0.0	0.0	0.0	0.0	0.0
SAMPLE_112532	0.245653869171	0.166148857904	-0.226942219753	-0.107256754298	0.0582891213444	-0.0106004401462	0.0534039853824	0.00350533188001	-0.054698994478	0.00124939212097	-0.0143207942658	-0.0568047756432	-0.0129402575683	-0.0554231877036	0.00143862593974	0.16326812315	-0.0363936316325	0.075800864385	0.0635196144588	0.0108661348127	0.034663934879	0.00593381625926	0.0493563389826	-0.031227869169	0.000881188712695	-0.0576607376149	-0.0464224912489	-0.000533073504055	0.0144821671315	0.0195182061659	-0.0313332639339	0.0178127764114	0.0089382937273	0.0214492661796	0.0184202960701	0.00482424092742	0.00579625545608	-0.0106487334845	0.00362531878728	-0.0	0.0	0.0	0.0	0.0	0.0	0.0	0.0	0.0	0.0	0.0	0.0	0.0	0.0	0.0	0.0	0.0	0.0	0.0	0.0	0.0	0.0

Biplot	0	0

Site constraints	0	0
