Eigvals	61
6.10324496811	3.47467539777	1.89007956941	1.29542427662	1.02095609862	0.764630257694	0.498370749884	0.400305541487	0.2585843544	0.243599661665	0.216992622922	0.19556378219	0.17803678667	0.127377416396	0.1139793258	0.0916788296666	0.0764114801025	0.0728855509547	0.0688925942065	0.0449779187936	0.0400872014229	0.0378498560847	0.0294590851468	0.0265352073993	0.0168669791348	0.0126948645298	0.0103234218177	0.00759782355392	0.00627420214143	0.00442806086956	0.00107162105211	0.0	0.0	0.0	0.0	0.0	0.0	0.0	0.0	0.0	0.0	0.0	0.0	0.0	0.0	0.0	0.0	0.0	0.0	0.0	0.0	0.0	0.0	0.0	0.0	0.0	0.0	0.0	0.0	0.0	0.0

Proportion explained	61
0.352180949565	0.200502271728	0.10906493529	0.0747510142904	0.0589131339404	0.0441221369333	0.0287579287488	0.0230991851799	0.01492132201	0.0140566470143	0.012521317494	0.0112847901194	0.0102734143746	0.00735017186656	0.00657704997929	0.00529022470107	0.00440923930807	0.00420577949581	0.00397537037632	0.0025954006816	0.00231318728583	0.00218408376634	0.00169990367985	0.00153118457273	0.000973290234791	0.000732543010818	0.000595701551798	0.000438423941334	0.000362045842741	0.000255516317946	6.18366986213e-05	0.0	0.0	0.0	0.0	0.0	0.0	0.0	0.0	0.0	0.0	0.0	0.0	0.0	0.0	0.0	0.0	0.0	0.0	0.0	0.0	0.0	0.0	0.0	0.0	0.0	0.0	0.0	0.0	0.0	0.0

Species	0	0

Site	61	61
SAMPLE_112509	-0.261408391915	-0.153314035395	0.164587231655	-0.041150316589	0.0908755321236	-0.0672865949761	-0.10632878634	0.101457613401	-0.00530176478512	0.0314109747118	-0.0980318639239	0.00717808647734	-0.0746807186115	0.106209799324	-0.0206637143739	0.00721261141508	0.00568955511035	-0.0152084268088	-0.0358374021593	0.0282665039612	0.0515139822471	-0.0170313951549	-0.01225582153	-0.00882350071092	-0.0137800171985	-0.00359275273884	0.020646998752	0.00233950549557	0.00395943979578	0.00686549165279	0.00126391274551	0.0	0.0	0.0	0.0	0.0	0.0	0.0	0.0	0.0	0.0	0.0	0.0	0.0	0.0	0.0	0.0	0.0	0.0	0.0	0.0	0.0	0.0	0.0	0.0	0.0	0.0	0.0	0.0	0.0	0.0
SAMPLE_112508	0.0492408563588	-0.0156574816963	-0.179990115785	-0.207817946049	-0.121933195664	-0.0584322962053	-0.0013294554002	-0.0221360499563	-0.0345681519987	-0.0956686822476	-0.0114616506489	0.0694737962443	-0.0191697814507	-0.0318441379247	-0.0213577177164	0.00935315826902	-0.0130152169372	-0.039117391494	0.0443430505307	0.0304036265388	-0.039338792757	-0.00507170311914	0.0102086408284	-0.0134383317509	0.0254924515618	0.0248453407857	0.00871678479148	-0.0115266195252	-0.00785583152478	0.0032276135025	1.44485714595e-05	0.0	0.0	0.0	0.0	0.0	0.0	0.0	0.0	0.0	0.0	0.0	0.0	0.0	0.0	0.0	0.0	0.0	0.0	0.0	0.0	0.0	0.0	0.0	0.0	0.0	0.0	0.0	0.0	0.0	0.0
SAMPLE_112525	-0.0933643159303	-0.24219093757	0.199289270807	0.0445446017829	0.0683484924248	-0.203824161556	0.118017936008	-0.0619463028199	0.0296939076668	0.0298246960332	0.0505340734564	0.0631160463311	0.0155891586579	0.0164736935719	-0.0221788503317	-0.0122660117728	-0.0636535046818	0.0198966585818	-0.00858142707868	-0.0189640141061	-0.0175598452855	0.0250332502452	0.0194029088132	-0.0252005678433	0.0381832306579	0.0052185279729	0.00745130336554	-0.0151467283511	-0.000470049828497	0.00451481215936	0.00137056244079	0.0	0.0	0.0	0.0	0.0	0.0	0.0	0.0	0.0	0.0	0.0	0.0	0.0	0.0	0.0	0.0	0.0	0.0	0.0	0.0	0.0	0.0	0.0	0.0	0.0	0.0	0.0	0.0	0.0	0.0
SAMPLE_112524	-0.110677109379	-0.277311171255	0.139120985277	0.0630851311844	0.0546638398581	-0.252834781264	0.0179803763088	-0.0128054899029	-0.0114528862489	0.0514791926837	0.0196478430218	0.0762241575865	-0.00564627893873	0.0140080264459	0.0195061571555	0.0504443832284	-0.0223564106485	-0.0176697141731	-0.0403670385221	-0.0709707406608	0.0310120071653	0.0147351852156	-0.00401844970576	0.0147374524936	-0.0277687477673	-0.0102605765664	-0.0209776278695	-0.000563616052925	0.00041534243042	0.00181000031568	0.00285531453415	0.0	0.0	0.0	0.0	0.0	0.0	0.0	0.0	0.0	0.0	0.0	0.0	0.0	0.0	0.0	0.0	0.0	0.0	0.0	0.0	0.0	0.0	0.0	0.0	0.0	0.0	0.0	0.0	0.0	0.0
SAMPLE_112522	-0.564121690462	-0.189691507678	-0.145705255821	-0.133929530372	-0.0793118319805	0.0166487875935	0.128157751702	0.0295971389764	-0.0511520290835	0.0581817837208	-0.0868566561571	-0.018109624391	0.050097536716	0.0137506839904	-0.0171538872884	-0.00561019211614	-0.111783980292	-0.0471202992231	0.00458706098445	-0.0271044089623	-0.0236821921511	-0.00460068752392	0.0109363196219	-0.00526289651708	-0.00183427353783	0.00254901884054	0.0137109045591	0.00211864416156	-0.0111908949265	0.00785993535819	-0.00100910515094	0.0	0.0	0.0	0.0	0.0	0.0	0.0	0.0	0.0	0.0	0.0	0.0	0.0	0.0	0.0	0.0	0.0	0.0	0.0	0.0	0.0	0.0	0.0	0.0	0.0	0.0	0.0	0.0	0.0	0.0
SAMPLE_112521	-0.400863192147	-0.155202551039	0.350389432352	0.069935289178	0.142274455969	0.0715490115933	-0.0174574106268	0.133158427502	0.000241665773332	0.0750005504585	-0.0238213775138	-0.0978499707623	-0.0872368387701	-0.0926982633331	0.0399202373975	-0.0274159677718	-0.0668020065249	-0.0156890715546	0.0423072377148	0.00982190031142	-0.00105391768695	0.00256428760286	-0.0096072149993	0.00670489806657	0.00359201115412	0.00505186858007	-0.00785243863765	0.00779461386409	-0.00390926401783	-0.00187603218578	-0.000381900695865	0.0	0.0	0.0	0.0	0.0	0.0	0.0	0.0	0.0	0.0	0.0	0.0	0.0	0.0	0.0	0.0	0.0	0.0	0.0	0.0	0.0	0.0	0.0	0.0	0.0	0.0	0.0	0.0	0.0	0.0
SAMPLE_112520	-0.19146884947	-0.221501833392	-0.0435584608884	0.0353674936494	-0.0192542617671	-0.260569738194	0.0639163380262	-0.0289947529541	9.42276015263e-05	-0.0607423521097	0.0253158069056	0.137163311587	0.0174664572211	0.0132961914859	-0.0034832749007	0.0412057985553	0.0213242547488	0.0229279392015	0.0732123662239	0.0447026571208	0.00553331081044	0.0198288514464	-0.0471456390086	0.00763272452558	0.00180343270236	0.0135096001981	-0.00803217132857	0.00849879903521	0.0100703884374	0.00689213751406	0.000204347088041	0.0	0.0	0.0	0.0	0.0	0.0	0.0	0.0	0.0	0.0	0.0	0.0	0.0	0.0	0.0	0.0	0.0	0.0	0.0	0.0	0.0	0.0	0.0	0.0	0.0	0.0	0.0	0.0	0.0	0.0
SAMPLE_112501	0.234923174368	-0.0152832481412	-0.0597893300118	-0.0924482244055	-0.0840459682605	-0.0489799385138	0.0361190801586	0.0695996908493	-0.0515605696829	-0.0468732046395	-0.00508303555339	-0.0341168958933	-0.00138535865836	-0.00754014404183	-0.00785194530138	0.0427941351307	-0.0112442606335	-0.02129988646	-0.0606532320092	0.0130427732039	0.037936171547	-0.0103749793189	0.0361811890723	0.00182417253138	-0.0147739283502	0.026164942738	0.0174321502421	0.0154339697975	0.0267466521971	0.0151707974042	-0.00160874397702	0.0	0.0	0.0	0.0	0.0	0.0	0.0	0.0	0.0	0.0	0.0	0.0	0.0	0.0	0.0	0.0	0.0	0.0	0.0	0.0	0.0	0.0	0.0	0.0	0.0	0.0	0.0	0.0	0.0	0.0
SAMPLE_112500	0.528733442434	-0.033715952753	0.00980029576993	-0.111310682602	0.0109389859363	0.0721760238073	0.119843531568	0.0137327033499	0.00727312047457	-0.0040959588649	-0.0319933953906	-0.043896056874	-0.0186784150687	0.021661002948	0.0250906262742	0.0192215448183	-0.00555242467012	0.0333080327354	0.0371600192668	0.0197149163393	-0.0284604958666	0.0349291434843	0.0340888791163	0.00912593059515	-0.0149848101478	0.00114762193596	0.0206124842529	-0.0211054728722	0.0148662871327	-0.0225149508281	0.00948124518511	0.0	0.0	0.0	0.0	0.0	0.0	0.0	0.0	0.0	0.0	0.0	0.0	0.0	0.0	0.0	0.0	0.0	0.0	0.0	0.0	0.0	0.0	0.0	0.0	0.0	0.0	0.0	0.0	0.0	0.0
SAMPLE_112503	0.107528506574	-0.0678167312672	-0.0676957021483	0.0884769715718	-0.00706194784714	0.0227616500625	-0.124826241494	0.0106849898558	-0.04013493577	-0.0565452942225	0.0634030975331	0.0849918918225	0.0293091511256	0.0597959061984	-0.0284116761543	-0.098545492538	-0.0359852071555	-0.04234778451	-0.0338702938247	-0.00206527456825	-0.0225865051237	-0.0547204859941	0.00496711437815	0.0208480083006	-0.0238426143076	-0.000277706948796	-0.0213094291921	-0.00862329682881	0.00346202275223	-0.00604673620777	0.00413743297563	0.0	0.0	0.0	0.0	0.0	0.0	0.0	0.0	0.0	0.0	0.0	0.0	0.0	0.0	0.0	0.0	0.0	0.0	0.0	0.0	0.0	0.0	0.0	0.0	0.0	0.0	0.0	0.0	0.0	0.0
SAMPLE_112502	0.174586796129	-0.0827679355812	0.0334436013579	-0.0826736960329	-0.00141139450288	-0.121925197912	-0.034199265785	0.0328329787942	-0.0136553301767	0.0477305730858	0.0338800892543	-0.0116511005278	0.0849331986072	0.0664587050692	-0.00162402332742	0.000223501122851	0.0467312238175	0.0196186835743	-0.00925577917872	0.0469547567089	-0.0176400410042	-0.00486621048728	-0.0054599269233	0.0155890411266	-0.0109095418066	0.00214785109592	0.0117034095324	0.00624034023667	-0.0220088917344	-0.0125186424156	-0.00689121997865	0.0	0.0	0.0	0.0	0.0	0.0	0.0	0.0	0.0	0.0	0.0	0.0	0.0	0.0	0.0	0.0	0.0	0.0	0.0	0.0	0.0	0.0	0.0	0.0	0.0	0.0	0.0	0.0	0.0	0.0
SAMPLE_112505	-0.488658935265	-0.196841217976	0.0256226713005	-0.00276963782036	0.00503550296873	0.0622407511097	-0.133353960684	0.0527695877019	-0.184227046958	-0.0661193238424	-0.142821712271	0.0241463854274	-0.0490442583452	0.0147709536178	0.0168948783812	-0.0494651518763	0.0379677380546	-0.0178195251632	0.0316128963072	-0.00590773012627	-0.0390957056835	-0.00600162040053	-0.00366723407992	-0.000428933456377	0.0196067933055	0.00681482534934	-0.00337978135623	-0.00778568659724	-0.00139322153507	0.00545486401162	0.00180686903442	0.0	0.0	0.0	0.0	0.0	0.0	0.0	0.0	0.0	0.0	0.0	0.0	0.0	0.0	0.0	0.0	0.0	0.0	0.0	0.0	0.0	0.0	0.0	0.0	0.0	0.0	0.0	0.0	0.0	0.0
SAMPLE_112504	0.402273134155	-0.33639435766	-0.0583180324337	0.41588871692	0.114748436066	0.234684169592	0.0610796326078	-0.0354099464663	-0.00646638545083	-0.0553002247429	-0.0549231035962	0.0258672552638	-0.0259829277501	0.0823923801947	-0.0579648400385	0.0293631283355	0.0177164927016	-0.010104076835	0.0570119291436	-0.0124026628155	0.000720396505312	-0.00191384765479	0.0169465311983	-0.0316739918882	-0.023305104224	-0.00971544018252	0.01465829789	0.0144994307786	-0.0139847160088	0.00878482674933	-0.00222809518718	0.0	0.0	0.0	0.0	0.0	0.0	0.0	0.0	0.0	0.0	0.0	0.0	0.0	0.0	0.0	0.0	0.0	0.0	0.0	0.0	0.0	0.0	0.0	0.0	0.0	0.0	0.0	0.0	0.0	0.0
SAMPLE_112507	-0.434915686636	-0.0941620380981	-0.50386876929	-0.199041325723	-0.211113368238	0.213905116493	0.0947396048312	0.165797273229	0.120085723772	0.0803719924998	0.0149469531078	0.0615887356326	-0.0648321989135	0.000226055224656	-0.00777312533519	0.0137887907472	-0.00435850795806	-0.00567637962808	-0.0239584219824	-0.00992262527227	0.00294139400854	-0.00597748480379	-0.00101093296932	0.00854178504632	0.00826332471787	-0.0114091540314	0.0051147226121	-0.00207847736904	0.00141632067816	0.0038389445972	0.00147482862759	0.0	0.0	0.0	0.0	0.0	0.0	0.0	0.0	0.0	0.0	0.0	0.0	0.0	0.0	0.0	0.0	0.0	0.0	0.0	0.0	0.0	0.0	0.0	0.0	0.0	0.0	0.0	0.0	0.0	0.0
SAMPLE_112506	0.1780057208	-0.126984598128	0.0721267241659	-0.142956518392	0.0368493778582	-0.0853503379586	-0.0751849525234	0.0317332128177	-0.0264517860031	0.0570984219472	-0.00567519049462	-0.0791695551614	0.101054830462	-0.0149051111667	0.007685024034	-0.0353335849913	-0.0452413266209	0.0423620558642	0.0154389984064	0.010787735974	0.0243794848424	0.0389416533826	-0.0167451161538	-0.028701032613	-0.0115731754124	0.00641170413607	0.00574050635214	0.00957808136195	0.00310269619205	0.000314253649379	0.0040376074758	0.0	0.0	0.0	0.0	0.0	0.0	0.0	0.0	0.0	0.0	0.0	0.0	0.0	0.0	0.0	0.0	0.0	0.0	0.0	0.0	0.0	0.0	0.0	0.0	0.0	0.0	0.0	0.0	0.0	0.0
SAMPLE_112488	0.588069635747	-0.0200769375367	0.0185903033152	-0.153866006802	-0.00356341607574	0.109058858267	0.120731275338	-0.0266415201308	0.0299541966713	-0.037887762922	0.00029145602066	-0.0126696141014	-0.0330099909493	0.0174611797368	0.0261817753338	-0.0148487705901	0.0105647343558	0.0424898769413	0.0394420971833	0.0177592689384	-0.00703720475211	0.022752456796	0.0229354431334	-0.0381271205783	-0.0331863578272	0.0103103845401	-0.0214367842268	0.0119811460902	-0.0133190865802	0.0117981154205	-0.000970162979877	0.0	0.0	0.0	0.0	0.0	0.0	0.0	0.0	0.0	0.0	0.0	0.0	0.0	0.0	0.0	0.0	0.0	0.0	0.0	0.0	0.0	0.0	0.0	0.0	0.0	0.0	0.0	0.0	0.0	0.0
SAMPLE_112489	0.351381485895	0.0216253960643	0.00758477134497	-0.0983855732137	-0.0483926512945	0.0180359319317	0.0497721726075	0.00144433579577	0.00115968200687	-0.0204762968255	-0.0167595443312	-0.00525472248987	0.0457357605577	0.0142159150711	-0.00717369884068	0.0090121443379	0.00553700890198	-0.0190313411235	-0.0500611643157	-0.000107838632681	0.0166884464601	-0.0170671491781	-0.00705661773594	-0.0409019453899	0.0325464810015	-0.0181139362883	-0.00859107118235	0.00750468056868	-0.00748700107415	-0.0185638010602	0.0110144979405	0.0	0.0	0.0	0.0	0.0	0.0	0.0	0.0	0.0	0.0	0.0	0.0	0.0	0.0	0.0	0.0	0.0	0.0	0.0	0.0	0.0	0.0	0.0	0.0	0.0	0.0	0.0	0.0	0.0	0.0
SAMPLE_112533	0.0366450762255	-0.286393133568	-0.37864684097	0.160939122777	0.00634290596861	0.114170308578	-0.139125121132	-0.115852255695	-0.00273442163807	-0.0863829420805	-0.0786087769361	-0.0386080655731	0.0489754523472	-0.0242403729457	-0.0986635204263	0.082013461687	0.0165744757112	-0.0128628076818	-0.0269294106692	0.00564190751114	0.00532286482468	0.0155877233145	-0.0113391452743	0.00763940147218	0.0200728456346	0.000549716448556	0.000639038419081	0.00507446259021	0.00663041204414	-2.4487296499e-05	-0.00172912442638	0.0	0.0	0.0	0.0	0.0	0.0	0.0	0.0	0.0	0.0	0.0	0.0	0.0	0.0	0.0	0.0	0.0	0.0	0.0	0.0	0.0	0.0	0.0	0.0	0.0	0.0	0.0	0.0	0.0	0.0
SAMPLE_112480	-0.22641176282	0.51036286156	-0.188923148082	-0.0328261040572	0.288884863828	-0.0328964420403	-0.109313119176	0.0416072822204	0.11087816197	-0.0571670229935	0.0766747074805	-0.123273935704	0.0938260239198	0.134204620636	0.0672695202947	0.0285725570172	-0.0160913673627	-0.0454682901343	0.0280485165638	-0.024526238198	-0.034577352164	-0.000105738828768	-0.00622474084407	0.00470786967638	0.0123487760043	0.0123744059281	0.00262717626083	0.00251539227153	0.00638061126228	0.00607072872875	-0.00186971101791	0.0	0.0	0.0	0.0	0.0	0.0	0.0	0.0	0.0	0.0	0.0	0.0	0.0	0.0	0.0	0.0	0.0	0.0	0.0	0.0	0.0	0.0	0.0	0.0	0.0	0.0	0.0	0.0	0.0	0.0
SAMPLE_112481	0.0574260047613	0.203155029836	0.0404438032299	-0.0447885029634	0.031410502499	-0.0288217460945	-0.0523346043377	-0.0816348789177	0.046543280933	0.0342317122683	-0.0119081076924	0.0373719615665	-0.0102174815088	-0.0220586071361	0.0279503241769	0.0547459588529	-0.0161680677383	-0.00612781690047	-0.0104527114417	0.00276361593522	0.0198634389985	-0.00012118944403	0.0489726142712	-0.00536105170901	-0.00875601678867	-0.000101488862569	0.0032111114413	0.0102103810137	-0.0270618527483	-0.0118026122947	-0.00263643739834	0.0	0.0	0.0	0.0	0.0	0.0	0.0	0.0	0.0	0.0	0.0	0.0	0.0	0.0	0.0	0.0	0.0	0.0	0.0	0.0	0.0	0.0	0.0	0.0	0.0	0.0	0.0	0.0	0.0	0.0
SAMPLE_112482	-0.0930120100909	0.273730907793	0.0101884562868	0.0899606095833	0.0321370620034	0.00012439759049	0.0291766295481	0.0129800133495	0.0442319715937	-0.0517563852374	0.00212530476734	0.046799541845	0.0354083430542	-0.0279859094356	-0.0326845791523	-0.0149142569972	0.0146210079096	0.0608347095534	0.0267079957255	-0.0285666762557	0.0294690580196	-0.00742657441394	0.0493050555199	0.016688780557	0.00780675908939	0.0180706814345	-0.00216285702505	-0.0032426960346	0.0130358140236	0.0116105845902	0.00152747276329	0.0	0.0	0.0	0.0	0.0	0.0	0.0	0.0	0.0	0.0	0.0	0.0	0.0	0.0	0.0	0.0	0.0	0.0	0.0	0.0	0.0	0.0	0.0	0.0	0.0	0.0	0.0	0.0	0.0	0.0
SAMPLE_112483	-0.139345275102	0.430095183276	-0.0796742480849	-0.0257708591912	0.159106963416	0.011546050281	-0.0997467444803	-0.0204160417753	-0.0226034513354	0.0510188003467	0.0689333911847	-0.0450924303319	-0.0221360638556	-0.0256962979129	-0.0173181208978	0.00748107869696	0.0242534664938	-0.0225927915398	0.0370065522918	-0.0192842404236	0.0179397802089	-0.0341611107997	-0.0209715738069	-0.0711740875535	-0.0239415199743	0.0148332235759	-0.00844332187857	-0.0160690181642	0.0115815734728	-0.00362343490525	0.00325569213204	0.0	0.0	0.0	0.0	0.0	0.0	0.0	0.0	0.0	0.0	0.0	0.0	0.0	0.0	0.0	0.0	0.0	0.0	0.0	0.0	0.0	0.0	0.0	0.0	0.0	0.0	0.0	0.0	0.0	0.0
SAMPLE_112484	0.0132832381592	0.231779773569	0.0530813027441	-0.074121913072	0.0363449859173	0.0344111418356	-0.0632470259146	-0.104645952173	0.0163472679509	0.045202487765	-0.0219967123474	0.0543677226293	-0.0677334705983	-0.00570809787274	0.0351925531987	0.0279726807082	0.0031682825741	0.0138857078033	-0.0301477812733	0.0453163249943	-0.00243993549783	-0.000755727556768	-0.035540929416	-0.013794026351	-0.00447353600927	-0.00621546806008	0.0238246195787	-0.00349183465327	0.0109434078772	0.00124216896951	0.00118800909031	0.0	0.0	0.0	0.0	0.0	0.0	0.0	0.0	0.0	0.0	0.0	0.0	0.0	0.0	0.0	0.0	0.0	0.0	0.0	0.0	0.0	0.0	0.0	0.0	0.0	0.0	0.0	0.0	0.0	0.0
SAMPLE_112485	0.0951004278501	0.222033419185	0.0284911674187	-0.0116291756586	0.00383083044997	-0.0356553373348	-0.0169849861251	-0.0643269986519	0.0297975420616	0.00555036311974	0.0282053501563	0.0611645184842	0.0116663526044	-0.0491194867382	-0.0173350580581	-0.0126676129694	-0.0165238595293	-0.0164483524473	0.00143233082756	0.0509127353141	0.0133023325994	0.0282586703701	0.000657593560005	0.0122357041309	-0.015391980618	0.0069202352575	-0.0151571274048	-0.00955003781896	-0.0124840376703	0.014641814093	4.84757323632e-05	0.0	0.0	0.0	0.0	0.0	0.0	0.0	0.0	0.0	0.0	0.0	0.0	0.0	0.0	0.0	0.0	0.0	0.0	0.0	0.0	0.0	0.0	0.0	0.0	0.0	0.0	0.0	0.0	0.0	0.0
SAMPLE_112486	-0.192521833664	0.230922681146	0.110441339939	-0.0112930697053	0.00199976318068	0.166424758321	0.0288140391684	-0.038563594735	0.0576228322761	0.044916684254	-0.0636522198133	0.0453667050941	-0.0317012817376	-0.0124656711162	-0.0222141773605	-0.00213955354407	0.0462737570832	-0.055286226508	-0.00251686672213	-0.0176039560303	-0.00103736449779	0.0319041636441	-0.0142015532574	0.0261327622073	-0.0165067782339	0.0373967070595	-0.0193896542599	0.00177606338538	-0.00493205920483	-0.0163329948371	-0.000751173655037	0.0	0.0	0.0	0.0	0.0	0.0	0.0	0.0	0.0	0.0	0.0	0.0	0.0	0.0	0.0	0.0	0.0	0.0	0.0	0.0	0.0	0.0	0.0	0.0	0.0	0.0	0.0	0.0	0.0	0.0
SAMPLE_112487	-0.112127324026	0.406987229531	-0.0864026420648	-0.089269659304	0.219488791347	0.00646421627613	-0.0817384976336	-0.106907706242	-0.124940699052	0.0793161809674	0.070265430673	-0.0277154261126	-0.0369959928507	0.0394159236272	-0.0120746162367	0.0400490943531	0.00859851455152	0.0354412208702	0.0162707648686	0.0132315546106	-0.0197824736102	0.0161563218796	0.0125467741083	0.0428283346758	0.0119090361854	-0.00790418740299	0.00312688904583	0.000438885273412	-0.00179231346318	-0.00109569306951	-0.000837981664988	0.0	0.0	0.0	0.0	0.0	0.0	0.0	0.0	0.0	0.0	0.0	0.0	0.0	0.0	0.0	0.0	0.0	0.0	0.0	0.0	0.0	0.0	0.0	0.0	0.0	0.0	0.0	0.0	0.0	0.0
SAMPLE_112478	-0.297935178955	0.332765140426	0.157817788746	0.146021544309	-0.0278353779712	0.0727534204129	0.0888194988423	-0.119035921353	-0.0114902289469	0.0101173172935	-0.0855451918418	0.0714797645496	-0.00402627094684	-0.0262328719444	0.0720108419563	-0.0233975213842	-0.0628968266659	0.0178601832698	0.0109410329484	-0.00129474842291	-0.0540682118432	-0.0325825630764	-0.0315151305258	-0.0117180519983	-0.0162728770475	-0.00694055091394	0.00447705258465	0.0153951557888	0.00658274912907	-0.00235247396665	-0.00274383976713	0.0	0.0	0.0	0.0	0.0	0.0	0.0	0.0	0.0	0.0	0.0	0.0	0.0	0.0	0.0	0.0	0.0	0.0	0.0	0.0	0.0	0.0	0.0	0.0	0.0	0.0	0.0	0.0	0.0	0.0
SAMPLE_112538	-0.734407193653	-0.268733846635	0.81881480341	-0.281075509091	0.0352341276297	0.286983705373	-0.0355821786762	0.0267211868087	0.00386051628182	-0.117024946363	0.0923176065649	0.0292002422346	0.041908378523	0.0272111349199	-0.0318682505162	0.0329761054547	0.0422282218369	0.0122087515466	-0.0305829190395	0.0128076435589	0.000957397779628	0.0124642131467	0.00210327384196	-0.000797627405556	0.00575169319001	-0.00318823835262	0.00512770299723	-0.00344042580797	0.00232352710567	-0.000331217018307	-4.9504781518e-05	0.0	0.0	0.0	0.0	0.0	0.0	0.0	0.0	0.0	0.0	0.0	0.0	0.0	0.0	0.0	0.0	0.0	0.0	0.0	0.0	0.0	0.0	0.0	0.0	0.0	0.0	0.0	0.0	0.0	0.0
SAMPLE_112527	0.381125367044	0.0516771301379	0.0142613751256	-0.0871193641143	-0.00484319594081	0.0386757929859	0.017217384757	-0.0288374242288	-0.0498075743654	0.00926037231328	-0.0139019245033	0.00240087121796	0.0323469459315	-0.0274149145499	0.00157760092679	-0.0228863297682	0.0175513195186	0.0943215799228	-0.00129097706739	-0.0524817002139	0.0187390054773	-0.0216214277156	-0.029426423481	0.0346635196513	0.0161241184373	0.0205564126603	0.0181168541075	-0.0152868800641	-0.0228195478212	0.00660672474657	-0.00114954632134	0.0	0.0	0.0	0.0	0.0	0.0	0.0	0.0	0.0	0.0	0.0	0.0	0.0	0.0	0.0	0.0	0.0	0.0	0.0	0.0	0.0	0.0	0.0	0.0	0.0	0.0	0.0	0.0	0.0	0.0
SAMPLE_112526	0.124138602551	0.0237462626198	-0.106343308858	-0.0997791555218	-0.124514202758	-0.0981346827705	-0.0418356380822	0.0492247057072	-0.109461757813	-0.0840098685148	-0.0341574768645	-0.0206492780605	-0.0047809755	-0.0278082099452	0.0196345153521	-0.00939946335445	0.0338790982521	0.032122516097	-0.030228629302	0.0052817295082	-0.0506383774037	0.0274673077051	0.00785934106615	0.00114209404735	-0.0177687204101	-0.0413380619156	-0.0203972647461	-0.000256868487093	7.88428294575e-05	0.00267946302288	0.00168273957084	0.0	0.0	0.0	0.0	0.0	0.0	0.0	0.0	0.0	0.0	0.0	0.0	0.0	0.0	0.0	0.0	0.0	0.0	0.0	0.0	0.0	0.0	0.0	0.0	0.0	0.0	0.0	0.0	0.0	0.0
SAMPLE_112530	-0.447118967521	-0.326918844407	-0.109403259019	-0.175419072182	-0.0111732575053	-0.109430365205	0.0447884035767	-0.340182683132	0.0247774157356	-0.0941113165596	-0.0113040022353	-0.196046589484	-0.124803359433	-0.015544427772	-0.000925920296198	-0.0194777752245	-0.0133661480043	-0.00804371188502	-0.0329532625174	-0.0148433641801	0.0201254905066	-0.000381871611236	0.00417215946179	0.00302789839897	0.000208231159294	-0.00142986721853	-0.00116537399367	-0.00405977260978	-0.00339659054767	-0.000539692681167	6.80953686859e-06	0.0	0.0	0.0	0.0	0.0	0.0	0.0	0.0	0.0	0.0	0.0	0.0	0.0	0.0	0.0	0.0	0.0	0.0	0.0	0.0	0.0	0.0	0.0	0.0	0.0	0.0	0.0	0.0	0.0	0.0
SAMPLE_112531	0.043699126348	-0.137033531364	0.0998438604917	0.118720185106	0.0429407591319	-0.167601382255	0.25469256789	-0.0430916489893	0.0861295381672	-0.0187262910923	0.0486649402512	-0.0490033306959	-0.107632095461	0.0598478297598	0.00126244457235	-0.0853256392016	0.0863122527272	-0.0182246000733	-8.8820402346e-05	0.00790298012498	0.000756044695826	-0.0432449288165	-0.00920487020081	0.00926200596955	0.00849123290499	-0.00285771592838	0.00448097735462	0.00370481093204	-0.00433174853786	-0.000690884670902	-0.00120113303283	0.0	0.0	0.0	0.0	0.0	0.0	0.0	0.0	0.0	0.0	0.0	0.0	0.0	0.0	0.0	0.0	0.0	0.0	0.0	0.0	0.0	0.0	0.0	0.0	0.0	0.0	0.0	0.0	0.0	0.0
SAMPLE_112518	-0.178240005785	-0.0727867633237	0.0868422510473	0.116536043984	-0.130815455432	-0.0306166359512	0.163140435462	0.129753959245	-0.0262617513261	-0.161125544333	0.0685156013303	-0.0842910865104	0.0969104824786	-0.0479841429943	0.0350820271759	0.0456234748825	-0.0168470087474	0.000444173477046	-0.0215153449172	0.0204900004876	-0.0154174865638	-0.0368310115428	0.0127055623379	0.00291949979819	-0.0178817921282	-0.00274340585758	0.00353506251377	-0.000491454596443	-0.000766473441684	-0.00529649134945	-0.00178085301739	0.0	0.0	0.0	0.0	0.0	0.0	0.0	0.0	0.0	0.0	0.0	0.0	0.0	0.0	0.0	0.0	0.0	0.0	0.0	0.0	0.0	0.0	0.0	0.0	0.0	0.0	0.0	0.0	0.0	0.0
SAMPLE_112519	0.0825566901293	-0.39284578711	0.0825060637277	0.278347931027	0.161696611872	-0.00229908402659	-0.0752210894567	-0.0667720694907	-0.00573583606565	0.100775832874	-0.0161832619364	-0.0479844843019	0.128936871067	-0.0435194847542	-0.0486131339685	-0.009399361752	-0.0109889325232	0.0143039067963	-0.0294794470308	0.0232877977793	-0.0148071849661	-0.0203335476088	-0.0207213442367	-0.00556410395857	0.00060414034004	-0.000171349273356	0.00374676929843	0.00483234616331	-0.00611969071347	0.005228589418	0.000324810049384	0.0	0.0	0.0	0.0	0.0	0.0	0.0	0.0	0.0	0.0	0.0	0.0	0.0	0.0	0.0	0.0	0.0	0.0	0.0	0.0	0.0	0.0	0.0	0.0	0.0	0.0	0.0	0.0	0.0	0.0
SAMPLE_112534	0.0147975479074	-0.0405157351883	-0.133979298701	0.0351868931047	-0.0167994261116	0.00389052330091	-0.216644819132	0.0340033914333	-0.0472038671005	-0.0673999846389	0.049065223669	0.00312497505702	-0.0852455621986	-0.0463833313714	0.023848057952	0.016184645052	-0.00177549505168	0.022013465362	0.0325015639349	-0.0237201898377	0.00347915702029	-0.0401067974741	0.00963910002486	0.0149426259373	-0.0305114639225	-0.00636891107914	0.0159849378311	0.00737450247726	-0.00695191289404	-0.00704262946535	0.00312936689495	0.0	0.0	0.0	0.0	0.0	0.0	0.0	0.0	0.0	0.0	0.0	0.0	0.0	0.0	0.0	0.0	0.0	0.0	0.0	0.0	0.0	0.0	0.0	0.0	0.0	0.0	0.0	0.0	0.0	0.0
SAMPLE_112535	0.352133437284	0.0379401095943	0.0316408543487	-0.0874335402733	-0.0435159371387	0.0342707384713	-0.000931225537347	-0.0427973372459	0.0245435684035	0.0492579915269	0.0182219269773	-0.0149210922969	0.0498625542201	-0.0545443745617	-0.0100771653475	-0.0203613803452	0.0287525571264	-0.0481594282117	0.00859114998832	-0.0077605654431	-0.00634587830992	-0.00922335112041	-0.0322329792714	0.0293986686846	0.00119178213793	-0.00559793055506	0.0142957806832	0.00400653129036	-0.00726148726119	0.0132894354033	0.0121937979728	0.0	0.0	0.0	0.0	0.0	0.0	0.0	0.0	0.0	0.0	0.0	0.0	0.0	0.0	0.0	0.0	0.0	0.0	0.0	0.0	0.0	0.0	0.0	0.0	0.0	0.0	0.0	0.0	0.0	0.0
SAMPLE_112536	0.38778348208	0.0025088821065	0.0169471953917	-0.0746039578584	-0.0306770802911	0.0341241603094	0.0342774037052	0.0104239676348	0.0120318498492	0.0283342128433	-0.0269972926145	-0.0134341926572	0.0204970711349	-0.0134673033665	-0.00424284446863	-0.00759034021112	0.00713366411021	-0.0182142785808	0.00553952832764	-0.0041378636084	0.0181520954017	-0.00142860149701	-0.0335884183414	-0.0199676093574	-0.00278774382415	-0.0359022567175	-0.00535902786662	-0.028508145584	0.014179532155	0.000604721555534	-0.0178238528633	0.0	0.0	0.0	0.0	0.0	0.0	0.0	0.0	0.0	0.0	0.0	0.0	0.0	0.0	0.0	0.0	0.0	0.0	0.0	0.0	0.0	0.0	0.0	0.0	0.0	0.0	0.0	0.0	0.0	0.0
SAMPLE_112537	0.0144195031608	0.10210165594	0.0367993470134	0.0449888268532	-0.0412965576953	0.0181145975292	0.00224806233036	0.162526990598	0.0568522403019	-0.0695059046995	0.0616016645282	-0.0590247552782	-0.0751343303075	-0.0137531667877	-0.10676470861	0.00491092413331	-0.0142064911225	0.0652065091295	0.0578352682982	-0.0524118395929	-0.00715264453564	0.00159323006013	-0.0356222400899	-0.0142074159439	0.0184377259417	-0.00347123967153	-0.00729066333184	0.00560379232134	-0.00105102110265	-0.000858480721926	-0.000780129320874	0.0	0.0	0.0	0.0	0.0	0.0	0.0	0.0	0.0	0.0	0.0	0.0	0.0	0.0	0.0	0.0	0.0	0.0	0.0	0.0	0.0	0.0	0.0	0.0	0.0	0.0	0.0	0.0	0.0	0.0
SAMPLE_112512	-0.420443912309	-0.135368803396	-0.152853797944	-0.0990042348603	-0.0406058544675	-0.0521364057256	0.0107095079195	0.0317563387166	0.00491054882233	-0.00947476872737	-0.101857457785	-0.0692150081112	0.0694967720381	-0.0192463126454	-0.0342793719744	-0.0248505611204	0.00494602390307	0.00178840452108	0.072818331966	0.0372780831934	0.0581229953359	0.0230747159781	-0.00596503342404	0.0266697194201	-0.00891141818245	-0.00302363015624	-0.0252595208079	-0.000234465364573	0.00532728391524	-0.0142866665236	-0.000849570030568	0.0	0.0	0.0	0.0	0.0	0.0	0.0	0.0	0.0	0.0	0.0	0.0	0.0	0.0	0.0	0.0	0.0	0.0	0.0	0.0	0.0	0.0	0.0	0.0	0.0	0.0	0.0	0.0	0.0	0.0
SAMPLE_112513	-0.142190219924	-0.312088493674	-0.0707381989976	0.129167603807	0.013456916258	-0.249703814839	-0.0971451419634	0.0377858442573	-0.0315947865565	-0.0441850149288	0.0742381161044	0.0646341318756	-0.03696619977	-0.0548224605315	0.106617694398	0.0312041181004	0.0311803048546	-0.0259531265431	0.0236939641441	-0.00617075426849	0.0125698364426	-0.00650026553508	0.0107017196205	-0.00904010629773	0.0160417973258	0.00114541039694	0.00365388824002	0.00013163832265	0.000122245486159	-0.00455105944181	-0.00277605547922	0.0	0.0	0.0	0.0	0.0	0.0	0.0	0.0	0.0	0.0	0.0	0.0	0.0	0.0	0.0	0.0	0.0	0.0	0.0	0.0	0.0	0.0	0.0	0.0	0.0	0.0	0.0	0.0	0.0	0.0
SAMPLE_112510	0.432250187078	-0.111581199964	-0.0121102260936	0.0179528576633	0.05583758966	0.027286482955	-0.0147949235068	0.114503427016	-0.0302724691295	0.077393279033	0.00227516155095	-0.0179826417304	-0.0749407763019	-0.0568065341423	0.060887356905	-0.0349161715436	0.00263732137359	0.00625325915584	-0.00616509389267	0.0256742453114	0.0229863061818	0.0082047662314	0.00966282202873	0.00664493137818	0.0110367380471	0.0109261134755	0.0142623563487	0.0115730952933	0.00835806202271	0.00221176165712	-0.00259352214839	0.0	0.0	0.0	0.0	0.0	0.0	0.0	0.0	0.0	0.0	0.0	0.0	0.0	0.0	0.0	0.0	0.0	0.0	0.0	0.0	0.0	0.0	0.0	0.0	0.0	0.0	0.0	0.0	0.0	0.0
SAMPLE_112511	0.136003106538	0.044811824338	0.0472209922728	-0.0595558427401	-0.0631133485798	-0.0297016814605	-0.0472625012285	-0.00278947141593	0.0429768673047	0.00651675761037	0.0813450320043	-0.0138996986319	-0.00202717319214	-0.00478671607922	-0.013958316134	-0.00964701711148	-0.0164994572033	-0.0709018868455	0.0451387007821	0.00437259280931	-0.0175676666777	0.0467030494842	0.0120521263618	0.00389686787772	-0.0174304004959	-0.0312886822824	0.0141883122304	-0.0196910583568	-0.00568838920268	0.016611940101	0.000974130200254	0.0	0.0	0.0	0.0	0.0	0.0	0.0	0.0	0.0	0.0	0.0	0.0	0.0	0.0	0.0	0.0	0.0	0.0	0.0	0.0	0.0	0.0	0.0	0.0	0.0	0.0	0.0	0.0	0.0	0.0
SAMPLE_112516	0.233088126944	-0.0538614384829	0.0188471360543	0.0419626856015	0.0427077588451	-0.103992464358	-0.0187981597126	0.143022317501	0.0714799256768	0.0822346193717	0.0509420161856	-0.0272565369945	-0.0989449893247	-0.0320857778456	-0.0956912491402	0.0931786208849	-0.0224924468767	0.00176179597386	-0.0295229394352	0.0239161838829	-0.0406718063164	-0.0161813528729	-0.0129449389005	0.0258557767457	0.00164398587084	-0.00765061239232	-0.0101523210726	8.03896385088e-05	-0.00720106229777	-0.00325559127132	0.000338514781442	0.0	0.0	0.0	0.0	0.0	0.0	0.0	0.0	0.0	0.0	0.0	0.0	0.0	0.0	0.0	0.0	0.0	0.0	0.0	0.0	0.0	0.0	0.0	0.0	0.0	0.0	0.0	0.0	0.0	0.0
SAMPLE_112514	0.0106915326968	-0.209196178847	0.0741340580208	0.0708039877458	0.105433364453	-0.0860349252924	-0.0947752741695	0.0396605472421	0.0332201568904	0.0730357750547	-0.0334114492613	0.00916451013604	0.016254461926	0.0216849495945	-0.0593165953192	-0.0726586796217	0.0080619785698	0.011158486339	-0.000211343861887	-0.0352881812889	-0.00712704999672	0.00440459709936	0.0673737948418	0.0122034527706	-0.00529134369526	-0.000682291980831	-0.00705335814263	-0.00796173552114	0.00805188101888	-0.00346432503063	-0.00247000790076	0.0	0.0	0.0	0.0	0.0	0.0	0.0	0.0	0.0	0.0	0.0	0.0	0.0	0.0	0.0	0.0	0.0	0.0	0.0	0.0	0.0	0.0	0.0	0.0	0.0	0.0	0.0	0.0	0.0	0.0
SAMPLE_112515	0.367107799236	-0.348429173834	-0.0185398562564	0.446922593475	0.136912352585	0.173290774536	0.0729159344005	-0.0329172013657	0.00622060995583	-0.000493554042264	0.0113319215088	-0.00272159053381	-0.0263734262428	0.00663610803978	0.0678374627635	0.0328391148143	-0.0199086421901	-0.00258071884489	-0.0209899341952	0.00976975067385	-0.0179129789826	0.0337477200026	-0.010810045349	0.0165467143029	0.01009378753	0.00921631924321	-0.00935103313397	-0.0205485138677	0.0174737075677	-0.00623266780619	0.0042648221226	0.0	0.0	0.0	0.0	0.0	0.0	0.0	0.0	0.0	0.0	0.0	0.0	0.0	0.0	0.0	0.0	0.0	0.0	0.0	0.0	0.0	0.0	0.0	0.0	0.0	0.0	0.0	0.0	0.0	0.0
SAMPLE_112475	-0.469246133998	0.587562294285	-0.223949025091	0.148519210186	0.268583523178	0.0272950547762	0.281165236596	0.060036504009	-0.241365057331	0.00356561622696	0.0696151571536	0.00642310468134	0.00233739856083	-0.0226912909368	-0.0452999571462	-0.00956114665491	0.0093214396209	-0.00341547146149	-0.0490215445514	0.00972012032147	0.0246191906992	0.0218508723122	0.000929788277239	-0.00351943842491	0.000912914730821	-0.00599655915836	-0.00163718411087	0.00233168979177	-0.00602241529401	-0.00155627509398	-0.000832376460366	0.0	0.0	0.0	0.0	0.0	0.0	0.0	0.0	0.0	0.0	0.0	0.0	0.0	0.0	0.0	0.0	0.0	0.0	0.0	0.0	0.0	0.0	0.0	0.0	0.0	0.0	0.0	0.0	0.0	0.0
SAMPLE_112474	-0.151647961877	0.305610036229	0.0244360631443	0.110454757744	0.0649274840325	-0.0175301657259	0.0575461951602	-0.0178357804253	0.0957534778526	-0.0528307106015	-0.0490856890588	0.0663183093268	0.0820867668293	-0.0622502882402	-0.0040069610237	-0.0204286033917	0.00815182408585	-0.0404865341295	0.0576042879239	-0.00610213694822	0.0540818147945	-0.023355336626	0.00740413603449	0.0128064382061	0.00860947246281	-0.0315432051495	0.0264876209391	4.43371872837e-05	0.00096379582214	-0.0120619159805	0.00327148730711	0.0	0.0	0.0	0.0	0.0	0.0	0.0	0.0	0.0	0.0	0.0	0.0	0.0	0.0	0.0	0.0	0.0	0.0	0.0	0.0	0.0	0.0	0.0	0.0	0.0	0.0	0.0	0.0	0.0	0.0
SAMPLE_112477	-0.229899190236	0.286609640775	0.0757069800776	0.0276325314811	0.0619389800212	0.120094713411	-0.004932997253	-0.0239866621537	0.0510411358457	0.051873611934	-0.0768611952029	0.0120489540177	-0.00885923644027	-0.0091277260931	0.0442626822118	0.0253140123842	0.0496260388433	0.00239997064154	-0.0146514254432	0.0176149657551	0.0117641066739	-0.0123396019038	0.0333360027452	0.00865171535102	0.0173651519676	-0.0217411436133	-0.0169117074751	-0.00666202419617	-0.0012599551013	0.0189554388255	0.00112003294688	0.0	0.0	0.0	0.0	0.0	0.0	0.0	0.0	0.0	0.0	0.0	0.0	0.0	0.0	0.0	0.0	0.0	0.0	0.0	0.0	0.0	0.0	0.0	0.0	0.0	0.0	0.0	0.0	0.0	0.0
SAMPLE_112476	-0.138825102046	0.404632423759	-0.0819018517519	0.123477952486	0.10427071604	-0.127756924921	-0.0748701384503	0.102934357114	0.1893043331	-0.145007608434	-0.140118481021	0.00863296574115	-0.00187435924086	-0.0268313039172	0.035006574285	-0.0417116766655	-0.00492667464598	0.0474703774902	-0.0927993366432	-0.00218785035315	-0.0247010128924	0.0414803235739	-0.0148088546439	-0.00651985322738	-0.00608712871174	0.00745202946499	0.00445643944619	-0.00157546996086	-0.00904544191056	0.000192310056592	-0.00148237871708	0.0	0.0	0.0	0.0	0.0	0.0	0.0	0.0	0.0	0.0	0.0	0.0	0.0	0.0	0.0	0.0	0.0	0.0	0.0	0.0	0.0	0.0	0.0	0.0	0.0	0.0	0.0	0.0	0.0	0.0
SAMPLE_112529	-0.220051075523	0.431700891333	0.253346244893	0.42697187609	-0.671498202275	-0.01361504251	-0.052088926425	-0.0428848753087	-0.0328495982224	0.0754155368862	0.0203963225029	-0.0939315308683	0.0178417460837	0.0294743406268	0.0267324620238	0.037378102481	0.0198867689878	-0.00709822774035	0.00772453356086	-0.0178217017844	0.00745396023737	0.0147278687888	0.00440831880004	0.00431468905083	0.00348227712607	0.00991401219446	-0.000299533988911	-0.00254972112085	-0.00205539922177	0.0021222087177	-0.000632116447859	0.0	0.0	0.0	0.0	0.0	0.0	0.0	0.0	0.0	0.0	0.0	0.0	0.0	0.0	0.0	0.0	0.0	0.0	0.0	0.0	0.0	0.0	0.0	0.0	0.0	0.0	0.0	0.0	0.0	0.0
SAMPLE_112499	0.459044593443	-0.0637768624049	-0.0160865229375	-0.0909748090385	-0.0286398465091	0.0756214234899	0.00993334126826	0.0363094826611	-0.0373771989684	-0.0163066174273	-0.00120027491214	-0.00919174139832	0.00600805503183	0.101984883582	0.0858515173798	-0.0260371770225	-0.0247616224718	-0.0143494347939	0.0192997140051	-0.0219535186675	0.0210899083979	0.0246161659652	-0.0166503175994	0.0374369102653	0.0292880817024	-0.0179971179743	-0.0104147844223	0.0279449360232	0.00286142537615	0.00110667786002	-0.000983839867919	0.0	0.0	0.0	0.0	0.0	0.0	0.0	0.0	0.0	0.0	0.0	0.0	0.0	0.0	0.0	0.0	0.0	0.0	0.0	0.0	0.0	0.0	0.0	0.0	0.0	0.0	0.0	0.0	0.0	0.0
SAMPLE_112498	0.314515882255	0.0383633444962	0.0420085892363	-0.0891723929764	-0.0516402679789	0.00937674699657	0.027271842267	-0.0275879195138	0.024859640205	0.0251527336528	0.0336055513431	0.00631984504848	0.0116059174245	-0.0427208171734	-0.0547579496466	-0.0470704875409	0.0152248274949	-0.0817225800942	-0.0117981563091	0.0134822458034	-0.0404272199421	-0.0030567964826	0.00891545689556	0.0117407479998	0.00453056964105	0.0210672915615	0.00627114006441	0.0145963231786	0.0114028357562	-0.00864927935601	-0.00816269333941	0.0	0.0	0.0	0.0	0.0	0.0	0.0	0.0	0.0	0.0	0.0	0.0	0.0	0.0	0.0	0.0	0.0	0.0	0.0	0.0	0.0	0.0	0.0	0.0	0.0	0.0	0.0	0.0	0.0	0.0
SAMPLE_112497	0.341450832305	-0.0526004530989	-0.0302380220082	0.0257768254703	-0.028410804087	0.0211960652145	-0.0943556303511	0.0827244741017	-0.0538647067756	0.0264380179873	-0.00869274139903	-0.00374970306285	0.0032901129726	-0.0110037174883	0.0406867246017	-0.0121791773697	0.030096435494	-0.0334332386487	-0.0198133719444	-0.00478729162118	0.0180400058662	0.0117595431356	0.0174574762662	-0.0483316713142	0.0367532095826	0.00770460051225	-0.00420375369623	-0.0115605088708	-0.0154590081614	-0.00666911924291	-0.00345441593354	0.0	0.0	0.0	0.0	0.0	0.0	0.0	0.0	0.0	0.0	0.0	0.0	0.0	0.0	0.0	0.0	0.0	0.0	0.0	0.0	0.0	0.0	0.0	0.0	0.0	0.0	0.0	0.0	0.0	0.0
SAMPLE_112496	0.325518867583	-0.0243704148613	0.0642898709389	-0.217226055081	0.0381887380026	0.0778126232171	0.00283010082554	-0.100078461513	-0.0122168506732	0.00827079259875	-0.0279529960554	0.0395348301541	0.0271519874892	-0.0308603624649	0.0229722187632	0.0471290690179	-0.0335091356542	0.0526007679946	0.00629558405302	-0.0369518089144	-0.00778944056237	-0.0510350446395	0.0103624024243	0.0165104071671	0.00273526751623	-0.00579674746563	-0.00385558773185	-0.00248670893543	0.0119142886245	-0.00547691655975	-0.00788822305563	0.0	0.0	0.0	0.0	0.0	0.0	0.0	0.0	0.0	0.0	0.0	0.0	0.0	0.0	0.0	0.0	0.0	0.0	0.0	0.0	0.0	0.0	0.0	0.0	0.0	0.0	0.0	0.0	0.0	0.0
SAMPLE_112495	0.414992603621	-0.0516484370221	-0.0340600353096	-0.122512273854	-0.0657520555241	0.0342147470708	0.0668515563139	0.0550684436037	-0.0426240663139	-0.0310472318035	-0.0294434507686	0.00886309724398	0.0091627386856	0.0635465292496	0.0264741928627	0.0205173766854	-0.0213134821788	-0.0198953616916	-0.0252540207886	-0.0212171438816	0.0382816926614	-0.0203529768993	-0.0395370741216	0.0138513483474	-0.0215692874828	0.0245948922445	-0.0049183640536	-0.0272306832654	-0.00912219449439	0.00230084767529	0.000746491152094	0.0	0.0	0.0	0.0	0.0	0.0	0.0	0.0	0.0	0.0	0.0	0.0	0.0	0.0	0.0	0.0	0.0	0.0	0.0	0.0	0.0	0.0	0.0	0.0	0.0	0.0	0.0	0.0	0.0	0.0
SAMPLE_112528	-0.576580393506	-0.228124715069	-0.159313550072	-0.109458318792	-0.0533194359856	-0.119324182819	0.0936133331087	0.0199089228323	0.0199750248587	0.161885788132	-0.0723758850083	0.00208057314258	0.0528843176929	0.046504751366	0.0186322902796	0.0447818168406	0.0890175217161	0.0396114518408	0.0141868572919	-0.0230253194741	-0.0475204838009	-0.0118963161125	0.00559360946637	-0.0227060138637	-0.0119432359233	0.00352256907449	0.00349188622807	0.00160770560788	0.00709751002416	-0.00350753942717	0.00225523995124	0.0	0.0	0.0	0.0	0.0	0.0	0.0	0.0	0.0	0.0	0.0	0.0	0.0	0.0	0.0	0.0	0.0	0.0	0.0	0.0	0.0	0.0	0.0	0.0	0.0	0.0	0.0	0.0	0.0	0.0
SAMPLE_112493	0.0642245992997	0.101692752017	0.0520009124138	-0.114596688785	-0.0174881466793	0.018770712655	-0.018409690422	-0.066154091678	0.0201853360997	-0.0159888658173	0.0201590708667	0.0826836522919	-0.0329317990605	0.0302009416713	-0.0102232346255	0.05353820894	-0.048514103217	-0.019777256607	0.00231200992016	-0.0161223369166	0.0116973096466	0.010115434519	0.001529466918	-0.0222507923967	0.0114398003665	0.000447396068892	-0.0202254650867	0.0182680562666	-0.00185263795127	-0.00710220650534	0.000182554163403	0.0	0.0	0.0	0.0	0.0	0.0	0.0	0.0	0.0	0.0	0.0	0.0	0.0	0.0	0.0	0.0	0.0	0.0	0.0	0.0	0.0	0.0	0.0	0.0	0.0	0.0	0.0	0.0	0.0	0.0
SAMPLE_112492	0.233778592717	0.097999758723	0.0341833778659	-0.0684815748365	-0.0897428050438	-0.017789983135	-0.03448305377	-0.0461703965367	-0.0421155153619	0.00199937391713	0.0457579910206	0.0367566844014	0.00133311463817	-0.0413509462024	-0.0416808645225	-0.0560424323756	0.0450451678118	-0.00830751858869	-0.0360478856535	-0.067062724993	-0.0144594630507	0.0545470980641	-0.0188926213806	-0.0134037753995	-0.00903766342482	-0.00549136685555	0.0164029943662	0.0196221651776	0.0153282850937	-0.00100642009127	9.94150877852e-05	0.0	0.0	0.0	0.0	0.0	0.0	0.0	0.0	0.0	0.0	0.0	0.0	0.0	0.0	0.0	0.0	0.0	0.0	0.0	0.0	0.0	0.0	0.0	0.0	0.0	0.0	0.0	0.0	0.0	0.0
SAMPLE_112491	0.350907093752	0.0287750421087	0.0346392459911	-0.087763478351	0.00420330266366	0.00990509280091	0.016085333222	-0.0131397664199	0.0319937772384	0.0297147284346	-0.00632968405322	-0.0453885892232	0.0447582929627	-0.0472273232503	0.0155417325646	-0.00294800118834	0.0260391444322	0.00348870726	-0.00643133634115	0.0212243512455	-0.0119959826541	-0.0579635128768	0.00831771622703	-0.00912444524431	0.0159917627944	0.00159402012047	-0.0318299703062	0.00973093435161	0.0081682775728	0.0147326818593	0.00487420860642	0.0	0.0	0.0	0.0	0.0	0.0	0.0	0.0	0.0	0.0	0.0	0.0	0.0	0.0	0.0	0.0	0.0	0.0	0.0	0.0	0.0	0.0	0.0	0.0	0.0	0.0	0.0	0.0	0.0	0.0
SAMPLE_112490	0.0504381423034	0.361358125397	0.030428465973	0.0883446348919	-0.234900301496	-0.0668328048704	-0.0686090663103	-0.04256868322	-0.0148344240464	0.0147610989568	-0.00312324193287	0.0228079610458	-0.0501999904187	0.098075011536	-0.0697503240978	-0.054046906605	-0.0679655804559	0.0593784312629	-0.00372756654363	0.0594026191204	0.0152268112723	-0.0195076195311	0.00833966998221	-0.00765923277425	0.0142751224269	-0.00534441839978	-3.59426842557e-05	-0.00251529781621	0.00836861642235	-0.00560953608211	0.00101055360479	0.0	0.0	0.0	0.0	0.0	0.0	0.0	0.0	0.0	0.0	0.0	0.0	0.0	0.0	0.0	0.0	0.0	0.0	0.0	0.0	0.0	0.0	0.0	0.0	0.0	0.0	0.0	0.0	0.0	0.0
SAMPLE_112532	-0.636381503497	-0.425361448826	-0.417827334527	0.0542381326373	-0.0869439210874	0.251198569079	-0.0665438794173	-0.0566482239161	0.0702856038369	0.0389158082024	0.189858236002	0.0388046596042	0.0344553508813	-0.0067816128067	0.0567741793574	-0.0658871723273	-0.00536423501174	0.0552759337185	-0.0238594581264	0.0212218594244	0.0181289172505	0.0106902151734	-0.00284781997295	-0.0100252728074	-0.0061125277649	0.00169829109887	-0.00110305131624	0.00139041295647	-0.00291963794619	-0.00179911622816	-0.0015879756685	0.0	0.0	0.0	0.0	0.0	0.0	0.0	0.0	0.0	0.0	0.0	0.0	0.0	0.0	0.0	0.0	0.0	0.0	0.0	0.0	0.0	0.0	0.0	0.0	0.0	0.0	0.0	0.0	0.0	0.0

Biplot	0	0

Site constraints	0	0
